1000
1008
2191
2671
3371
3696
4732
5149
8154
8499
9250
9452
9947
10362
10467
10651
10661
11109
12225
12581
14087
17042
17293
17327
19578
20203
23761
23882
24110
24448
25512
28334
28413
28445
29320
30560
32609
33006
33276
33500
35436
35457
36213
36470
38649
42873
43541
43562
44930
45062
46680
49567
51104
51961
54706
55029
55714
56184
57169
57551
58415
59434
60971
61130
61687
63600
64206
65294
65310
65322
65841
67270
68423
68958
70426
70555
71248
71957
73930
74375
74721
75208
75319
77700
78014
78075
78524
78959
80795
82132
82322
82337
84186
84259
86229
87207
87849
88528
92321
93306
94822
97137
97172
97178
98012
99546
101274
103138
103535
105474
105551
106431
107423
107708
107978
112970
113178
113693
114712
115776
117584
118254
119667
121660
121726
122719
124157
124983
125307
126506
128242
129716
130329
131207
132582
133925
134716
134784
135552
136111
136994
137846
141193
144417
145209
147916
147990
148119
149423
150485
150671
150778
151877
151969
151996
152561
153464
154162
154779
156821
157450
157646
158244
159436
159930
160034
160139
161480
161777
162685
162840
165310
165828
167779
167939
168267
168892
168952
171045
172225
173489
173863
174527
175153
178534
181471
181751
184283
186536
188303
188907
189028
189888
190140
190566
190637
190669
190990
192620
193997
195295
196023
197798
198041
200916
202510
202998
203945
205082
205993
206515
210941
211039
211381
211738
212094
212355
213458
217338
218161
218550
219054
219650
219955
220318
222270
222433
223960
226204
229263
229460
230649
233875
234668
235189
235271
235718
237187
238787
241430
246340
246344
246805
249035
250014
252401
252439
253807
254293
256165
261115
261836
262010
262131
262413
263589
264251
266037
266261
267340
268558
270028
270876
271897
272573
272772
274862
275211
275345
276160
276944
277831
279135
280047
281952
282883
283859
284677
284867
285191
285227
285343
286370
287662
288535
289001
289130
289532
289964
290179
290334
290977
291562
292359
293496
294177
294658
295515
295580
295652
296787
296849
298943
299966
300065
301576
305812
306130
307596
307800
307847
308607
310688
312030
312099
313373
313810
314273
314624
316861
317069
318089
318265
319444
319583
320815
320874
321091
321709
322030
323180
323410
324744
325512
326047
327718
328836
329185
331709
332439
332597
334799
335037
335677
335709
335729
337577
339441
340503
340521
340756
342361
344424
344795
344843
345209
346395
347122
348929
348943
349530
350642
352269
353758
357087
358393
359308
359983
360925
361917
362334
363344
363490
363681
363748
363802
364450
364769
365640
365993
371323
372012
375523
377850
378166
378305
379475
380583
380771
380859
381400
381581
381799
381830
382619
384027
384840
386029
386202
386997
387985
388643
389915
393879
396149
396752
396863
397763
400065
400075
400135
400346
400566
400634
401754
401988
402892
403837
404449
405847
411663
412128
412919
413057
413466
413497
415440
416196
416647
419816
421281
422063
423257
424268
426358
427078
427702
428054
428706
429987
432596
435105
435114
435659
435790
438455
438940
439621
440289
441039
441730
442532
443506
443613
444377
444499
446031
446149
446539
446853
447904
447912
448933
449818
452111
452383
453663
453811
454268
455226
455693
457337
459556
461870
462536
462684
463235
466443
466456
466852
466957
467044
468081
468380
468947
472597
472604
474094
474129
474903
475903
475918
475989
476471
476606
477329
477497
477941
478729
480953
481614
484487
484625
485887
486580
488363
489255
492959
492976
493267
493429
495210
495663
498392
498503
500221
500493
500605
502393
504363
505556
508485
509762
510681
511707
514130
514610
514736
516625
517563
518781
519603
519723
521099
523234
523742
523764
524557
524934
529703
530424
531599
533026
533500
534323
534332
538435
540193
541671
542203
543354
544364
546871
547442
547451
548395
549227
551767
551795
552380
553317
554047
557225
557540
558642
558872
559047
559147
559612
560948
563253
563873
564912
566254
567595
568074
570182
570203
571679
574311
575676
579015
585001
586383
586581
587726
587984
589745
589767
590944
591140
591870
592502
596272
596660
596761
597863
597884
599718
600323
601001
601364
603134
603563
605256
605422
606299
606933
607124
607437
609792
609865
610452
610918
614631
615077
615178
617475
617547
618045
619472
620940
623731
624274
625098
625763
626093
626682
627972
629421
631560
632511
633215
633802
634791
636116
636284
636911
637339
637426
637834
637841
637867
638572
638811
639270
640384
641975
642522
644791
646102
646405
647071
647904
649144
650145
650152
653101
654429
657128
657230
658022
661089
661199
664279
665665
665690
666047
666124
667590
667817
669238
670031
670052
670818
671037
671482
673430
675101
676109
678175
680819
681757
682756
683295
683866
683904
684248
684729
686059
687534
687560
687983
688896
688921
689218
689560
689667
689801
690769
693577
694425
695422
696753
696843
696942
698924
699344
700047
703249
704629
706050
706183
707032
707082
708151
709375
713788
715036
715594
717076
717508
718883
718899
720063
720308
720791
723587
726415
727948
729273
732226
732291
734201
734906
734912
735100
735536
735804
735840
736443
737524
737591
738125
739723
740150
742141
742606
746609
747449
747467
747989
749061
749081
750149
750396
750538
751151
752200
752445
753277
759375
759951
762044
763997
764435
765614
765843
766498
768824
769036
769281
771514
772357
772591
773253
773508
773773
774788
777488
777732
779167
780889
781405
781460
784450
784469
784988
785591
786766
787197
788253
789796
791576
793112
793885
794855
795857
796271
796904
797314
799111
799118
800176
800368
801160
802613
804154
804238
804640
804962
805991
806335
807420
807626
809060
810316
811788
813225
813311
813568
814968
816024
816826
819158
820088
820665
822808
822845
823345
825268
827449
827549
827873
828867
831143
831222
831419
831503
831518
831665
833214
834411
836373
839008
840221
840886
842785
843013
846160
848471
849036
849176
849460
850984
852571
853963
854196
854217
857154
857319
858271
858509
858973
861007
861769
861989
862607
864066
866929
868981
869899
871263
871735
871750
872422
873695
874640
875817
875938
878588
879749
879903
879981
880920
881294
883381
883624
884459
884691
885213
887650
889163
889400
890148
890523
891071
896806
898112
898343
899839
901255
903788
904340
904444
904683
905924
906687
907432
907484
910671
910855
911191
912274
913469
913900
914853
915186
915387
920417
920550
922124
922581
923349
923789
923792
926275
927934
928374
929556
931293
931336
932976
934127
935794
935993
936341
937221
939722
940763
942010
942914
943892
945376
945761
945791
946247
947185
947634
947735
948301
948334
949772
951681
952643
952881
953493
953802
953827
955515
956136
959673
960569
964187
967394
968445
968936
969212
969956
969962
971124
971241
971485
971713
971970
972219
972652
975939
976291
977170
977720
978079
978489
978968
979729
980114
980649
981308
982133
982331
983361
984000
985655
985763
986670
989016
989523
991872
991908
996940
997019
