100
5279
10432
10802
12983
24764
27651
34391
41982
52784
77313
109758
110797
112120
114167
119006
140494
155963
165969
171264
183007
184814
190094
191481
191601
193620
194241
195576
198980
200883
201615
204077
213575
220834
226796
228535
243355
250002
307076
312836
319409
323334
328962
344695
347249
403669
406164
453996
463640
481185
486985
493100
497942
503322
523821
547649
556959
575624
580394
630401
644833
648237
648341
657260
658030
659477
666744
669206
688600
690436
691944
699041
707783
723805
731587
748351
766556
785205
785267
803516
831349
834602
864048
867090
868359
895229
901462
910908
923325
927282
935672
936530
938507
939965
945519
948356
976168
978512
983243
985951
989288
