10000
60
329
352
353
498
548
664
865
934
1223
1464
1535
1600
1617
1667
1682
2107
2125
2150
2204
2241
2259
2304
2325
2536
2619
2692
2694
2746
2900
2910
3077
3107
3381
3439
3484
3747
3835
4215
4421
4553
4608
4756
4765
4777
4850
4995
5075
5118
5167
5274
5365
5394
5425
5440
5442
5510
5662
5678
6047
6083
6134
6181
6193
6216
6274
6330
6440
6790
6844
7205
7236
7264
7332
7659
7735
7834
7874
7907
7908
8045
8085
8441
8578
8688
8791
8801
8845
9192
9202
9220
9311
9344
9604
9610
9635
9718
10048
10145
10430
10504
10522
10555
10794
10816
10964
11156
11179
11270
11303
11454
11484
11566
11635
11814
11904
11952
11977
11998
12055
12484
12647
13070
13099
13355
13393
13431
13519
13547
13658
13705
13745
13814
13876
13878
13883
14099
14113
14278
14290
14363
14392
14396
14460
14474
14548
14588
14634
14682
14712
15068
15244
15244
15327
15492
15609
15712
15960
16200
16469
16720
16758
16800
16884
17028
17056
17174
17189
17541
17556
17639
17772
18111
18225
18294
18331
18388
18429
18826
19080
19164
19298
19407
19585
19782
19981
20000
20200
20255
20381
20391
20415
20504
20556
20645
20742
20956
21187
21286
21490
21577
21616
21745
21780
21916
22035
22097
22276
22399
22681
22795
22858
23190
23273
23317
23451
23560
23723
23822
23851
23875
23880
24111
24120
24184
24322
24378
24489
24804
24923
24955
25057
25086
25288
25305
25461
25591
25620
25689
25715
25739
25758
26187
26259
26276
26281
26328
26464
26551
26766
27055
27081
27108
27309
27492
27530
27638
27820
27973
28127
28131
28295
28501
28563
28577
28581
28719
28808
28836
28968
29010
29017
29120
29315
29327
29384
29394
29639
29691
30325
30431
30452
30452
30469
30484
30565
30621
30719
30732
30795
30799
30916
30941
30942
30983
30999
31029
31038
31298
31389
31391
31393
31411
31442
31501
31556
31641
31737
31792
31795
31817
31935
31944
32069
32504
32558
32632
32658
32665
32852
32891
33021
33200
33207
33222
33386
33415
33493
33710
33738
33911
33915
33953
34043
34107
34126
34382
34469
34541
34549
34550
34577
34660
34942
35056
35064
35096
35138
35240
35310
35400
35434
35794
35847
35886
35932
36010
36093
36163
36172
36177
36190
36413
36530
36571
36620
36765
36870
36891
36931
36938
37004
37055
37086
37283
37487
37532
37555
37683
37777
37854
37908
37968
37968
38013
38434
38515
38678
38725
38820
38897
38934
38991
39221
39407
39551
39714
39791
39952
40024
40145
40200
40225
40262
40268
40321
40396
40496
40824
40875
41087
41123
41139
41336
41351
41473
41474
41619
41661
41664
41805
41857
41867
41968
42181
42186
42213
42397
42408
42538
42612
42990
43014
43169
43171
43275
43312
43321
43605
43740
43769
43804
44042
44066
44076
44213
44336
44846
44949
44995
45263
45487
45566
45594
45631
45784
45877
45974
46112
46265
46389
46440
46479
46725
46741
46879
47263
47283
47352
47427
47429
47449
47458
47468
47542
47544
47564
48022
48218
48299
48336
48352
48357
48542
48551
48611
48625
48768
48909
49146
49228
49467
49472
49474
49778
49867
49874
50134
50231
50305
50340
50348
50365
50523
50611
50677
50724
50735
50812
50964
51170
51219
51242
51323
51513
51530
51859
51868
52043
52133
52191
52323
52333
52357
52394
52441
52525
52911
52954
52960
52990
53553
53563
53668
53759
53819
53858
53985
54055
54099
54124
54262
54264
54429
54468
54655
54873
54887
54979
55172
55228
55259
55307
55383
55445
55780
55837
55888
56104
56143
56195
56245
56271
56456
56524
56596
56785
56858
57181
57452
57889
57894
58091
58178
58279
58283
58460
58731
58841
59041
59269
59309
59444
59457
59589
59667
59796
59871
59991
60018
60138
60257
60462
60600
60842
60921
60966
61012
61014
61127
61300
61436
61559
61627
61672
61804
61952
62084
62151
62405
62689
62746
62852
62875
62947
62980
63118
63150
63152
63430
63565
63577
63623
63751
63980
64210
64213
64215
64483
64572
64773
64802
64825
64993
65153
65165
65252
65481
65774
65788
65809
65951
66015
66083
66089
66144
66156
66855
66874
66995
67131
67247
67266
67320
67796
67814
67874
67900
68044
68154
68303
68461
68538
68699
68764
68776
68912
68973
69205
69254
69274
69312
69467
69529
69551
69566
69637
69676
69732
69787
69798
69995
70000
70183
70341
70386
70519
70625
70634
70640
70906
71219
71234
71272
71726
71791
72008
72046
72155
72192
72230
72304
72359
72385
72389
72427
72543
72728
72860
73008
73062
73261
73409
73421
73448
73449
73512
73664
73881
74310
74407
74550
74830
74876
74891
74908
75007
75223
75255
75333
75359
75440
75443
75639
75822
76033
76071
76158
76198
76238
76494
76641
76740
76928
77023
77176
77227
77392
77551
77668
77779
77873
77925
78090
78246
78531
78593
78599
78605
78633
78689
78718
78742
78908
78929
78969
78974
79168
79229
79287
79638
79717
79793
79803
79829
79917
79965
79982
80075
80258
80353
80450
80643
80808
80866
80893
80937
80970
81183
81291
81385
81399
81508
81572
81914
82190
82265
82381
82607
82640
82675
82695
82748
82808
83115
83147
83353
83358
83483
83580
83866
83925
84242
84401
84426
84482
84650
84651
84657
84658
84668
84726
84899
85096
85117
85163
85165
85483
85524
85582
85613
85794
85802
85916
85990
86107
86121
86237
86276
86397
86406
86428
86596
86619
86632
86687
86820
87081
87161
87166
87242
87295
87377
87441
87461
87528
87537
87603
87908
87924
87974
87985
88020
88028
88121
88149
88327
88330
88609
88837
88857
88977
88978
89228
89342
89378
89541
89640
89676
89770
89929
89967
90032
90257
91031
91261
91369
91442
91598
91617
91884
91912
91967
92017
92063
92128
92180
92343
92435
92535
92673
92767
92989
93000
93313
93318
93346
93543
93564
93750
93834
93862
94011
94066
94077
94111
94127
94193
94219
94306
94376
94496
94541
94650
94693
95016
95091
95098
95110
95120
95136
95190
95237
95510
95541
95610
95660
95665
95740
95779
95917
95936
95941
96043
96056
96108
96114
96121
96251
96452
96470
96889
97634
97858
97958
98031
98055
98558
98656
98841
99110
99180
99253
99354
99454
99557
99614
99714
99720
99840
99977
99992
100064
100198
100248
100361
100450
100509
100588
100731
100827
100840
100844
100909
100953
101009
101024
101145
101210
101235
101240
101268
101491
101859
101942
102013
102175
102543
102578
102629
102650
102738
102745
102980
103394
103456
103602
103770
103784
103788
104045
104136
104171
104492
104528
104547
104611
104776
104780
105216
105389
105411
105437
105467
105580
105676
105829
105941
105968
106112
106138
106165
106181
106287
106290
106399
106516
106544
106587
106796
107005
107008
107082
107132
107215
107229
107308
107321
107552
107561
107948
107978
108125
108389
108591
108664
108747
108768
108777
108783
108946
109082
109131
109147
109165
109209
109332
109346
109565
109746
109890
109919
109926
110159
110273
110296
110327
110392
110427
110431
110464
110489
110550
110629
110814
110896
111054
111133
111333
111372
111441
111613
111656
111789
111840
112329
112447
112515
112532
112565
112646
112685
112686
112888
113016
113067
113324
113582
113710
113864
113895
114113
114317
114348
114389
114396
114526
114541
114572
114587
114629
114766
114768
114796
115153
115209
115519
115607
115639
115662
115665
115667
116066
116209
116254
116558
116821
116956
116985
117003
117137
117181
117515
117579
117788
117957
118119
118239
118369
118502
118652
118686
119002
119083
119125
119200
119238
119248
119298
119348
119382
119547
119627
119663
119796
119853
119977
119997
120006
120140
120158
120635
120815
120964
120973
121103
121310
121587
121780
121823
121890
121927
121991
122033
122211
122325
122394
122587
122624
122819
122951
123016
123120
123176
123208
123301
123301
123326
123491
123544
123843
123944
123972
123993
124108
124235
124303
124322
124378
124392
124462
124503
124527
124582
124655
125048
125433
125456
125511
125530
125546
125766
125780
125864
125944
125964
125992
126142
126238
126288
126311
126346
126423
126722
126764
126795
126881
126921
127147
127198
127215
127237
127758
127796
127809
127913
127934
128216
128341
128342
128638
128654
128657
128659
128778
128848
129221
129475
129491
129508
129553
129697
129715
129850
130209
130258
130275
130303
130341
130387
130514
130588
130744
130892
131104
131386
131557
131644
131806
132343
132616
132664
132741
132751
132814
133185
133218
133263
133302
133318
133402
133415
133422
133448
133553
133602
133607
133699
133814
133838
133848
134050
134080
134178
134268
134349
134469
134472
134520
134569
134654
134657
134722
135029
135189
135224
135284
135307
135357
135385
135455
135793
135806
135930
136210
136232
136317
136414
136465
136762
136833
136840
136873
136901
136924
137139
137225
137309
137310
137345
137435
137558
137646
137922
138018
138020
138139
138237
138395
138426
138435
138440
138656
138657
138664
138726
138821
138899
139163
139310
139336
139386
139417
139577
139617
139646
139710
139836
139995
140007
140016
140150
140321
140625
140662
140785
141048
141054
141079
141149
141212
141233
141234
141307
141313
141368
141383
141538
141611
141791
141845
142045
142065
142134
142161
142207
142311
142354
142394
142545
142565
142592
142773
142948
142948
142969
142971
143372
143403
143455
143549
143615
143696
143739
143814
143868
143999
144079
144456
144674
144736
144871
145038
145435
145579
145914
145925
146003
146112
146194
146274
146566
146698
146871
147128
147203
147203
147270
147343
147404
147468
147523
147648
147804
147808
147836
147891
147906
148024
148214
148283
148587
148738
148866
148894
149485
149769
149781
150076
150154
150166
150177
150474
150546
150586
150727
150769
150794
150818
150935
151137
151171
151187
151259
151343
151467
151792
151825
151911
152000
152093
152095
152312
152470
152501
152505
152554
152881
153177
153219
153309
153378
153468
153514
153515
153527
153599
153618
153647
153652
153829
153861
154091
154105
154148
154308
154472
154951
154987
155005
155095
155158
155383
155458
155518
155552
155696
155700
155702
155712
155854
155993
156302
156414
156599
156746
156751
156773
156778
157071
157439
157452
157469
157522
157823
157984
158044
158166
158198
158251
158338
158341
158577
158596
158626
158637
158697
158732
158846
158868
159074
159086
159144
159234
159296
159462
159521
159671
159791
159816
159927
160237
160536
160543
160659
160679
160774
160790
160942
160947
161116
161163
161436
161500
161585
161599
161677
161929
162074
162354
162557
162704
162791
162988
163111
163307
163316
163378
163418
163501
163517
163636
163963
163966
164097
164172
164384
164435
164462
164604
164735
164785
164814
164868
164892
165136
165232
165347
165523
165607
165645
165744
165748
165809
165900
166068
166128
166629
166931
167020
167248
167318
167396
167453
167885
167933
168041
168063
168131
168311
168439
168551
168651
168763
168766
168790
168818
168927
168998
169031
169072
169078
169251
169336
169430
169431
169511
169645
169765
169902
169962
169979
170065
170077
170142
170274
170487
170508
170561
170641
170787
171089
171125
171186
171400
171479
171710
171722
172018
172031
172047
172109
172213
172354
172368
172409
172416
172608
172720
172861
172864
172932
172945
173017
173351
173361
173618
173684
173989
174039
174096
174097
174105
174270
174293
174308
174365
174420
174492
174697
174782
174884
174957
175048
175065
175091
175162
175192
175469
175487
175557
175593
175657
175769
175920
175996
176053
176236
176262
176427
176620
176703
176851
176959
177022
177316
177349
177650
177920
178037
178134
178169
178273
178279
178301
178638
178790
179029
179040
179116
179157
179158
179273
179343
179421
179527
179780
179783
180082
180367
180467
180550
180680
180739
180809
180911
180949
181178
181335
181498
181500
181558
181605
181653
181657
181860
181898
181911
181922
182171
182256
182426
182447
182504
182665
182693
182845
182929
183119
183157
183207
183713
183975
184023
184093
184178
184468
184531
184553
184750
184765
185247
185463
185532
185614
185717
185727
185889
185942
186089
186107
186156
186159
186451
186615
186847
187057
187089
187116
187237
187278
187393
187478
187493
187628
187756
187925
188000
188353
188401
188483
188524
188529
188540
188585
188626
188631
188685
188711
188803
188878
188901
188950
189078
189151
189269
189310
189428
189456
189459
189479
189555
189801
190121
190122
190336
190406
190644
190664
190718
190848
190883
190899
191119
191123
191333
191354
191449
191491
191517
191679
191738
191799
191857
191917
191931
191934
191946
192183
192208
192293
192424
192569
192586
192650
192703
192854
193073
193140
193173
193207
193287
193506
193574
193862
193874
193968
194082
194085
194158
194367
194368
194381
194559
194770
194780
194962
194977
195006
195035
195101
195229
195480
195575
195654
196007
196108
196262
196393
196554
196565
196676
196896
197192
197291
197512
197537
197753
197803
198233
198274
198414
198443
198834
198888
199135
199211
199305
199353
199452
199581
199582
199601
199911
199933
200156
200191
200218
200303
200478
200595
200825
200843
200996
201141
201276
201605
201864
201955
202062
202078
202091
202184
202243
202344
202496
202659
202692
202824
202935
203091
203282
203349
203540
203775
203776
203844
203881
204204
204677
204768
204895
204950
205251
205454
205503
205627
205661
205742
205998
206100
206113
206198
206364
206407
206431
206513
206546
206612
206729
206770
206866
206902
206921
207078
207153
207356
207516
207692
208064
208186
208299
208586
208674
208696
208783
208848
209128
209199
209392
209407
209473
209624
209873
209930
209972
210091
210609
210778
210809
210922
211009
211044
211087
211113
211244
211444
211566
211825
211826
211869
211934
212041
212262
212287
212479
212586
212803
212872
212893
213019
213380
213548
213680
213718
213724
213902
214031
214051
214105
214270
214335
214546
214559
214562
214760
214809
215044
215054
215229
215265
215326
215347
215573
215595
215596
215674
215738
215785
215807
215822
215903
216073
216180
216476
216532
216884
216935
217145
217426
217710
217780
217895
218185
218691
218773
218814
219026
219098
219298
219368
219384
219424
219635
219766
219774
219886
219988
220034
220045
220291
220351
220580
220588
220607
220718
220877
220922
221143
221293
221363
221363
221516
221664
221956
221979
222090
222168
222249
222270
222321
222466
222500
222655
222745
222796
222894
223091
223144
223205
223269
223270
223458
223581
223597
223666
223765
224022
224058
224166
224318
224324
224513
224587
224669
224745
224788
224870
225075
225146
225177
225216
225324
225409
225464
225502
225617
225719
225982
226072
226167
226183
226234
226494
226518
226533
226605
226688
226784
226894
226918
226966
226974
227065
227154
227322
227541
227599
227619
227640
227676
227788
227959
228064
228106
228158
228404
228613
228641
228685
228718
228796
228885
229095
229110
229271
229394
229448
229567
229637
229749
229765
229954
229997
230023
230099
230282
230356
230646
230710
230805
231020
231116
231193
231729
231777
231873
231950
231984
232310
232374
232390
232429
232535
232604
232630
232776
232800
232804
232993
233001
233058
233334
233485
233527
233536
233538
233540
233851
233922
234355
234364
234370
234451
234525
234580
234646
234759
234805
234976
235099
235184
235373
235529
235792
235836
235869
235920
236040
236082
236118
236150
236174
236417
236453
236530
236763
236780
236819
236889
237337
237429
237527
237544
237570
237574
237793
237968
238089
238094
238097
238119
238268
238359
238400
238452
238561
238771
238867
239058
239148
239213
239437
239531
239567
239739
239781
239812
239846
239968
239968
239981
240038
240087
240200
240267
240386
240420
240451
240751
240814
240859
240930
241129
241255
241342
241377
241657
241792
241880
242084
242129
242177
242211
242269
242279
242288
242308
242329
242333
242420
242470
242603
242620
242697
242874
242971
242977
243057
243066
243132
243179
243200
243345
243353
243368
243452
243693
243829
243867
244014
244200
244267
244344
244424
244803
244846
244933
245250
245456
245583
245759
245822
245829
245895
245952
246209
246262
246267
246274
246478
246564
246587
246662
246667
246873
246932
246948
246986
247084
247235
247320
247601
247608
247637
247659
247923
247950
247950
247980
248011
248029
248154
248158
248187
248302
248399
248519
248876
248929
248933
248942
249449
249700
249751
249852
249875
249933
250095
250121
250160
250245
250399
250535
250639
250651
250868
251007
251061
251096
251120
251301
251367
251423
251549
251579
251720
251789
251974
252195
252245
252353
252357
252710
252865
252934
253145
253159
253191
253202
253375
253532
253740
253946
253968
254066
254166
254662
254669
254673
255128
255160
255249
255279
255333
255484
255849
255852
255925
256244
256313
256403
256527
256568
256665
256808
256887
257063
257067
257149
257158
257538
257554
257607
257655
257816
257857
257887
257945
257961
258123
258451
258626
258647
258727
258732
258876
258895
258908
258970
259000
259253
259391
259421
259982
260016
260033
260075
260107
260123
260136
260270
260363
260624
260713
261063
261139
261154
261379
261477
261640
261675
261696
261783
261808
262067
262092
262147
262209
262337
262442
262485
262580
262733
262762
262794
262822
262936
263025
263041
263115
263252
263256
263400
263471
263737
263787
263855
263891
263928
264088
264203
264234
264364
264638
264739
264777
265047
265087
265092
265250
265259
265333
265419
265471
265512
265527
265585
265588
265900
265921
266125
266499
266572
266758
266784
266795
266861
266954
267058
267091
267110
267136
267266
267281
267334
267336
267562
267737
267855
267883
267962
268022
268073
268117
268125
268180
268547
268618
268634
268686
268698
268741
268750
268932
268945
268985
269206
269348
269577
269663
269693
269702
269851
269927
270074
270260
270456
270508
270547
270607
270711
270749
270818
271698
271709
271771
271901
271941
272032
272100
272111
272135
272148
272149
272243
272254
272303
272313
272412
272847
272896
273085
273089
273104
273133
273242
273312
273321
273337
273388
273401
273486
273524
273554
273578
273595
273749
273813
274304
274348
274425
274951
275077
275110
275128
275249
275415
275435
275442
275443
275473
275479
275500
275664
275684
275824
275909
275935
275937
275965
275970
276189
276251
276261
276263
276418
276427
276453
276602
276696
276696
276700
276743
276906
276927
277087
277158
277371
277395
277446
277520
277670
277690
277890
277918
277988
278031
278058
278072
278198
278262
278289
278436
278521
278654
278777
278877
279049
279299
279370
279486
279591
279601
279721
279862
279945
279971
279973
279991
280219
280271
280361
280411
280527
280610
280711
280773
280806
280889
281047
281139
281183
281319
281369
281433
281505
281578
281699
281752
281791
281791
281827
281868
281967
282192
282693
282790
283064
283215
283281
283428
283472
283668
283789
284126
284317
284391
284658
284673
284703
284789
284969
284978
284980
285025
285060
285263
285463
285581
285683
286095
286204
286230
286357
286383
286425
286488
286558
286651
286757
286763
286911
286941
287445
287513
287628
287701
287762
287865
288060
288061
288312
288373
288386
288564
288586
288891
288931
289003
289198
289266
289720
289830
289922
290093
290191
290268
290272
290362
290454
290650
290708
290741
290967
291111
291449
291827
291834
291881
291882
291935
291943
292048
292077
292091
292137
292217
292349
292380
292533
292576
292670
292702
292902
292920
293039
293070
293129
293133
293212
293378
293411
293471
293537
293719
293994
294106
294118
294140
294428
294488
294497
294586
294614
294616
294664
294836
294985
295172
295188
295192
295196
295201
295408
295496
295713
295745
295917
295979
296031
296084
296221
296271
296277
296563
296940
297094
297132
297167
297529
297607
297838
297851
297967
298012
298062
298178
298410
298412
298587
298624
298679
298726
298778
298950
299195
299336
299634
299662
299712
299868
300079
300436
300484
300565
300567
300625
300687
300709
300768
300863
300880
300976
301033
301234
301268
301310
301324
301470
302044
302062
302629
302638
302727
302846
302910
302990
303010
303204
303235
303248
303536
303657
303693
303730
303742
303794
304103
304188
304235
304251
304402
304480
304482
304499
304610
304689
304706
304719
304785
304814
304821
304918
304923
305040
305090
305210
305240
305278
305469
305719
305744
305875
305905
306237
306308
306334
306353
306385
306529
306548
306555
306779
306884
306935
306997
307373
307392
307416
307674
307761
307783
307929
307937
308035
308150
308159
308391
308455
308550
308633
308774
308927
308933
309221
309256
309264
309513
309570
309619
309654
309719
309744
309763
309815
309899
309957
309991
310074
310212
310535
310631
310719
310737
310924
311170
311192
311415
311637
311681
311765
311873
311902
312008
312012
312221
312299
312527
312771
312783
312831
313042
313209
313259
313358
313389
313439
313590
313711
313726
313791
314291
314315
314511
314638
314682
314743
314777
314885
315127
315164
315310
315580
315846
316010
316045
316119
316452
316615
316660
316943
316974
317503
317507
317683
317738
318006
318058
318569
318610
318652
318798
319221
319261
319484
319633
319700
319703
320111
320153
320392
320483
320502
320657
320658
320719
320758
320830
320939
321026
321030
321067
321325
321439
321444
321514
321595
321615
321716
322119
322165
322402
322581
322635
322690
322788
322807
322848
322904
322955
322970
322982
323308
323412
323643
323689
323838
323909
323922
324024
324056
324087
324222
324274
324304
324309
324329
324339
324427
324498
324509
324612
324612
324711
324823
324831
325012
325048
325157
325260
325532
325592
325633
325824
326066
326096
326301
326466
326471
326525
326549
326613
326663
326727
326750
326851
326949
326960
327027
327116
327117
327202
327227
327290
327596
327596
327758
327816
327905
328255
328370
328522
328584
328602
328760
328935
328973
329094
329163
329542
329544
329569
329659
329699
329840
329877
329893
330313
330414
330575
330669
330767
330797
330922
330972
330977
331010
331155
331282
331574
331711
331712
331744
331844
331898
332083
332145
332183
332270
332328
332442
332471
332629
332648
332790
332823
332973
332998
333081
333192
333226
333655
333676
333736
333903
333992
334058
334088
334125
334302
334396
334399
334617
334734
334783
334855
334930
334951
334960
334963
334994
335268
335286
335413
335427
335437
335457
335737
335772
336128
336139
336374
336539
336647
336671
336732
336898
336995
337399
337430
337438
337448
337576
337654
337982
338024
338060
338166
338287
338371
338436
338533
338577
338595
338739
338768
338811
338876
338931
339001
339005
339198
339339
339347
339421
339514
339580
339606
339689
339696
339698
339780
339873
339984
340094
340156
340244
340253
340272
340281
340674
340749
340788
340792
340866
340887
340992
341239
341508
341688
341806
341890
341891
341980
342014
342070
342128
342210
342228
342272
342311
342351
342576
342876
342899
343022
343183
343314
343328
343350
343452
343473
343490
343491
343552
343555
343578
343710
343720
343822
343838
343909
344037
344239
344409
344424
344425
344482
344507
344532
344593
344619
344790
344893
345279
345334
345597
345634
345647
345677
345681
345690
345878
346197
346288
346458
346520
346552
346555
346559
346582
346705
346836
346874
346990
347028
347075
347216
347404
347506
347544
347661
347763
347792
347863
347957
347983
348254
348393
348711
348747
348962
349019
349139
349201
349223
349378
349742
349775
349778
349863
349904
350063
350237
350322
350371
350449
350455
350459
350574
350601
350662
350739
350802
350820
350837
351016
351037
351064
351122
351417
351542
351593
351672
351684
351707
351776
351979
352185
352204
352204
352446
352481
352584
352675
352949
353028
353083
353143
353449
353571
353608
353612
353661
353665
353749
353777
353794
353966
354016
354086
354110
354131
354240
354248
354251
354566
354583
354602
354695
354803
354828
354831
354888
355000
355079
355089
355155
355217
355251
355279
355352
355408
355496
355675
355696
355796
355875
356023
356049
356362
356889
356916
356922
356998
357181
357195
357197
357236
357258
357387
357481
357524
357674
357746
357752
357935
357983
358164
358167
358336
358368
358610
358701
358781
358798
358844
358854
359063
359131
359150
359267
359297
359452
359614
359695
359803
359894
359936
359945
359952
360013
360205
360330
360340
360780
360978
361149
361200
361209
361608
361665
361778
362069
362417
362627
362720
362735
362820
362973
363016
363047
363142
363231
363248
363284
363461
363465
364018
364045
364203
364311
364379
364550
364682
364968
365122
365492
365502
366022
366042
366094
366421
366573
366652
366686
366818
366925
367289
367324
367608
367733
367810
368119
368353
368396
368400
368573
368600
368893
369127
369145
369348
369442
369503
369708
369914
370151
370266
370268
370705
370778
370983
371063
371132
371148
371321
371438
371593
371717
371877
371909
372084
372161
372215
372500
372504
372539
372713
372716
372775
372950
373017
373035
373153
373245
373317
373376
373484
373726
373755
373859
373992
374035
374245
374436
374517
374648
374695
374870
374938
375090
375118
375129
375140
375183
375653
375759
375823
375889
376067
376150
376229
376327
376428
376515
376559
376726
376982
377199
377381
377397
377523
377962
377970
378065
378183
378192
378194
378448
378470
378533
378609
378723
379485
379572
379576
380319
380481
380632
380712
380728
380881
380938
381143
381219
381257
381412
381429
381455
381459
381567
381594
381601
381635
381661
381913
381935
381940
382060
382066
382133
382174
382447
382675
382721
382736
382822
383203
383208
383274
383399
383419
383553
383799
383860
384057
384102
384418
384482
384494
384791
384809
384838
384976
385159
385202
385512
385552
385641
385743
385750
385931
385933
385951
385952
386002
386020
386266
386376
386511
386515
386553
386766
386912
387170
387370
387394
387515
387546
387649
388022
388059
388139
388160
388232
388262
388294
388307
388485
388512
388512
388672
388676
388805
388960
389057
389092
389245
389260
389299
389386
389507
389536
389626
389739
390307
390578
390613
390613
391029
391346
391461
391519
391530
391576
391709
391826
392008
392058
392061
392320
393081
393385
393460
393462
393501
393543
393562
393705
393795
393903
393964
394026
394129
394201
394376
394424
394471
394474
394486
394548
394866
395024
395059
395191
395235
395429
395488
395517
395621
395726
395993
396031
396242
396266
396269
396276
396279
396298
396554
396561
396618
396721
396893
396964
397167
397197
397394
397405
397508
397577
397753
397877
397968
398087
398223
398225
398281
398290
398333
398452
398509
398747
398751
398971
399128
399199
399358
399406
399500
399545
399548
399564
399606
399842
400094
400125
400191
400350
400440
400523
400573
400593
400798
400864
401079
401173
401188
401202
401347
401407
401432
401487
401894
402015
402092
402122
402161
402245
402306
402375
402538
402539
402709
402775
402801
402866
402994
403108
403204
403401
403521
403576
403672
403869
403873
404089
404355
404490
404509
404637
404681
404781
404945
405056
405064
405122
405201
405234
405309
405342
405623
405628
405745
405770
405786
405798
405998
406025
406188
406235
406288
406494
406525
406570
406714
406763
406956
407045
407089
407237
407260
407302
407506
407648
407696
407776
407933
408000
408126
408150
408179
408379
408417
408490
408670
408838
408950
408981
409040
409101
409129
409150
409261
409422
409506
409507
409521
409678
409680
409705
409903
410050
410229
410304
410342
410513
410597
410613
410627
411057
411178
411356
411433
411522
411604
411668
411671
411712
411721
411742
411852
411943
411951
412036
412039
412073
412334
412348
412372
412530
412533
412722
412747
412752
413028
413123
413218
413384
413671
413924
414055
414287
414351
414423
414501
414790
414831
414843
414946
414952
415089
415098
415517
415523
415529
415579
415712
415751
415842
415908
416067
416170
416344
416365
416390
416491
416522
416576
416720
416782
417323
417341
417385
417531
417716
417797
417866
417917
417956
417973
418151
418260
418333
418366
418447
418460
418507
418542
418658
418738
418816
418974
418980
419050
419233
419459
419549
419613
419670
419750
419841
419993
420154
420183
420257
420478
420681
420715
420873
420878
420967
421346
421476
421574
421651
421665
421783
421856
422001
422004
422129
422131
422272
422297
422335
422343
422382
422640
422674
422869
422905
423007
423101
423231
423470
423665
424105
424237
424444
424557
424586
424678
424843
424956
425265
425362
425468
425555
425573
425611
425620
425636
425870
426101
426134
426194
426251
426329
426383
426578
426725
426810
426833
426837
426863
426920
427241
427258
427293
427410
427586
427641
427770
428197
428346
428625
428667
428692
428800
428868
428873
428874
428980
429055
429198
429280
429310
429328
429414
429452
429631
429845
430115
430236
430398
430598
430735
430746
430833
430876
431005
431159
431209
431276
431469
431524
431645
431705
431736
431761
432154
432417
433192
433215
433353
433516
433523
433728
433745
433774
433892
434036
434146
434153
434464
434481
434510
434635
434715
434741
434861
435008
435048
435076
435116
435170
435311
435478
435716
435720
435831
435861
435893
435970
435990
436131
436286
436351
436358
436399
436459
436532
436545
436647
436723
436787
436941
437154
437295
437386
437479
437567
437783
437961
437963
438008
438024
438147
438169
438181
438268
438289
438304
438325
438456
438617
438633
439043
439124
439126
439208
439677
439863
439979
439990
440061
440391
440413
440548
440580
440660
440714
440773
440842
440901
440993
441017
441202
441432
441506
441600
441653
441693
441774
441795
441828
441904
441970
442022
442117
442221
442228
442393
442435
442438
442464
442705
442990
443098
443107
443119
443318
443376
443436
443476
443609
443637
443785
443872
444217
444270
444395
444410
444539
444829
444853
444909
445172
445210
445456
445468
445538
445568
445697
445879
445908
446141
446228
446291
446301
446335
446396
446563
446601
446651
446914
447102
447350
447608
447649
447731
447765
447827
447854
447873
448128
448180
448361
448461
448462
448683
448710
448716
448764
448909
449035
449124
449329
449518
449608
449650
449709
449777
449860
449879
449945
449959
450000
450109
450124
450127
450196
450258
450371
450409
450563
450864
450865
450913
450982
451025
451033
451179
451459
451509
451521
451581
451589
451700
451801
451818
451837
451877
451929
451974
451984
452237
452385
452392
452428
452496
452541
452658
452715
452722
452737
452784
452968
452988
453044
453119
453400
453426
453432
453683
453686
454022
454039
454115
454198
454198
454225
454295
454326
454474
454484
454487
454676
454941
455003
455003
455249
455261
455778
455811
455835
455885
455887
455961
456219
456228
456423
456638
456773
456790
456800
456807
456811
456867
456898
457393
457421
457428
457464
457512
457627
457636
457704
457819
457929
458086
458120
458183
458230
458373
458587
458628
458632
458749
458894
459044
459148
459250
459368
459399
459440
459574
459676
459826
459911
459944
459952
460183
460231
460611
461030
461193
461201
461259
461299
461306
461373
461409
461789
462009
462145
462177
462335
462435
462585
462714
462723
462923
463113
463159
463224
463230
463331
463568
463585
463610
463678
463684
463707
463779
463954
464068
464161
464226
464330
464461
464473
464575
464583
464673
464826
464909
464933
464993
465081
465351
465762
465815
465955
465991
466151
466173
466216
466264
466742
466823
466902
467020
467079
467191
467537
467594
467630
467648
467708
467709
467737
467812
467950
468027
468045
468198
468257
468312
468505
468549
468647
468677
468783
468842
468853
468979
468994
469104
469172
469229
469254
469374
469415
469495
469585
469626
469792
469808
469840
469917
469921
469921
470046
470129
470192
470205
470335
470393
470421
470481
470815
470934
470958
471003
471190
471432
471621
471730
471741
471813
472022
472038
472043
472045
472146
472178
472184
472229
472512
472560
472718
472722
472802
472891
472904
473105
473276
473394
473406
473422
473441
473529
473610
473623
473625
473886
473954
474015
474055
474091
474167
474272
474379
474544
474553
474584
474614
474685
474702
474732
474850
474853
475066
475100
475543
475727
475750
475757
475804
475810
476082
476220
476318
476424
476468
476487
476541
476595
476638
476797
476799
476837
476867
476895
476926
476935
477083
477212
477405
477497
477498
477502
477509
477512
477796
477814
477844
478020
478033
478037
478103
478362
478395
478484
478700
478728
478808
478871
478939
479086
479436
479473
479520
479583
479625
479629
479690
479706
479728
479758
479762
479802
479830
479990
480084
480258
480287
480424
480429
480513
480556
480647
480812
480906
480976
480982
481042
481208
481384
481417
481476
481490
481954
482010
482116
482123
482353
482385
482438
482472
482581
482606
482989
483014
483022
483212
483299
483493
483696
483721
483975
484123
484252
484306
484350
484407
484454
484537
484543
484733
484775
484776
484803
484810
484887
484933
485011
485043
485182
485261
485331
485394
485460
485515
485546
485631
485836
485852
485895
485897
486003
486211
486252
486351
486437
486691
486712
486780
486956
487255
487294
487514
487519
487588
487613
487673
487786
488060
488082
488090
488105
488295
488457
488579
488770
489034
489257
489300
489342
489394
489671
489819
489824
489837
489947
489949
490334
490361
490362
490398
490451
490471
490849
490907
490938
490968
490991
491056
491101
491241
491269
491465
491773
491875
491904
491962
491974
491988
492034
492110
492178
492328
492508
492534
492586
492908
492934
492973
493017
493043
493163
493178
493263
493411
493502
493576
493939
494188
494223
494256
494369
494464
494518
494560
494637
495042
495239
495266
495296
495390
495545
495583
495598
496082
496330
496465
496625
496656
496705
496724
496783
497038
497334
497365
497399
497409
497462
497484
497631
497637
497770
497824
497833
498224
498366
498410
498441
498553
498560
498605
498651
498751
498825
498957
499144
499151
499215
499244
499346
499390
499423
499426
499833
500088
500145
500206
500249
500259
500674
500782
500880
500966
501134
501149
501588
501602
501661
501751
501789
502023
502073
502088
502115
502187
502250
502481
502716
502845
502893
502936
503003
503105
503135
503199
503476
503546
503647
503855
503924
503935
503968
504065
504081
504126
504236
504631
504828
504941
505005
505085
505270
505467
505540
505977
506001
506152
506207
506240
506267
506301
506321
506376
506496
506704
506857
506907
507023
507228
507256
507292
507655
507877
507880
508277
508390
508651
508711
508716
508931
508952
508952
509176
509244
509334
509378
509460
509618
509742
509782
509798
509811
509846
510061
510096
510193
510213
510257
510387
510425
510427
510489
510610
510761
510879
510881
510942
510981
511226
511350
511366
511381
511558
511731
511748
511839
511873
511926
511943
512040
512042
512097
512100
512106
512197
512203
512217
512254
512298
512482
512537
512648
512676
513012
513012
513041
513046
513061
513137
513205
513336
513361
513864
513953
513984
514067
514205
514258
514356
514438
514730
514885
514953
514961
514967
515006
515052
515136
515275
515304
515356
515371
515377
515389
515436
515584
515663
515710
515822
515886
515957
516233
516305
516721
516732
516780
516943
517226
517308
517309
517427
517621
517690
517833
517851
517858
517861
517910
518027
518133
518280
518283
518359
518379
518384
518409
518448
518461
518514
518515
518841
519071
519084
519088
519106
519186
519197
519327
519465
519718
519736
519949
519975
520142
520151
520302
520730
520841
521398
521433
521536
521565
521707
521719
521749
521788
521909
521932
521935
522008
522033
522036
522066
522157
522226
522425
522487
522511
522633
522759
522862
522916
523028
523140
523246
523484
523551
523607
523610
523789
523816
523875
523980
524115
524153
524206
524315
524316
524317
524390
524422
524533
524554
524612
524940
525228
525231
525288
525353
525599
525600
525605
525684
525805
525848
525869
526145
526368
526386
526426
526437
526563
526570
526683
526706
526784
527085
527212
527315
527325
527364
527407
527538
527566
527622
527626
527656
527726
528085
528230
528254
528355
528467
528619
528866
528866
528946
529002
529052
529191
529331
529437
529457
529868
529983
530193
530228
530254
530275
530464
530509
530640
530911
530997
531136
531461
531491
531556
531559
531782
532082
532099
532199
532210
532277
532286
532362
532388
532393
532448
532470
532484
532511
532573
532585
532613
532649
532689
532774
532848
532956
533018
533051
533076
533197
533223
533278
533335
533813
533919
534006
534039
534150
534175
534194
534319
534412
534425
534477
534502
534578
534605
534612
534657
534879
535055
535154
535319
535665
535789
536176
536377
536421
536580
536582
536619
536673
536744
536864
536905
536916
537104
537254
537375
537448
537614
537647
537653
537704
537716
537763
537846
538006
538009
538062
538198
538217
538447
538582
538691
538892
538924
539035
539128
539195
539200
539258
539317
539341
539433
539460
539773
540097
540117
540306
540345
540364
540478
540596
540631
540637
540666
540669
540699
540740
540786
540839
540895
541182
541224
541389
541430
541441
541570
541573
541733
541931
541951
542117
542129
542138
542331
542612
542637
542670
542688
542729
542847
542890
542892
543397
543658
543666
543780
544209
544386
544554
544737
544773
544812
544818
544896
544915
544938
545011
545261
545383
545598
545603
545632
545660
545710
545748
546373
546404
546445
546629
546666
546702
546719
546836
546966
547041
547086
547142
547408
547660
547677
547967
548011
548061
548516
548598
548662
548752
548816
548849
549007
549019
549019
549081
549084
549226
549361
549506
549530
549629
549759
549864
549889
549896
549970
550083
550210
550232
550336
550427
550430
550449
550563
550586
550666
550741
550809
550840
551042
551073
551084
551086
551110
551140
551242
551299
551317
551353
551401
551451
551894
551910
551921
552028
552038
552078
552118
552127
552175
552181
552200
552226
552471
552484
552578
552602
552753
552818
552839
552852
552852
552890
552969
553119
553135
553163
553205
553340
553402
553422
553436
553476
553538
553557
553649
553757
553875
553984
554006
554011
554144
554257
554262
554324
554430
554510
554547
554626
554627
554824
554873
554956
555041
555110
555339
555418
555473
555611
555652
555653
555750
555891
555985
556092
556151
556227
556285
556329
556342
556474
556928
556997
557175
557272
557399
557579
557594
557644
557709
557714
557878
557964
558021
558090
558165
558467
558472
558522
558530
558534
558632
558907
558931
559077
559473
559562
559584
559798
560302
560472
560674
560708
560775
561146
561189
561292
561294
561300
561512
561603
561782
561798
562101
562165
562166
562171
562233
562331
562381
562429
562453
562480
562518
562548
562552
562617
562721
562733
562753
562786
563040
563159
563520
563752
563944
563956
564020
564055
564290
564475
564482
564515
564518
564844
564884
564931
564964
565004
565134
565216
565407
565458
565509
565547
565560
565650
565667
565765
565819
565850
565857
565998
566151
566206
566224
566408
566464
566508
566580
566592
566608
566684
566714
567050
567100
567166
567198
567348
567459
567463
567689
567719
567841
567845
567851
568173
568359
568424
568429
568456
568501
568526
568629
568658
568704
568715
568718
568760
568886
569185
569233
569282
569316
569355
569370
569371
569473
569563
569577
569612
569779
569841
569863
569899
570069
570079
570186
570210
570224
570293
570323
570494
570600
570617
570619
570643
570647
570667
570678
570720
570983
570990
570999
571017
571091
571145
571511
571797
571856
571972
572002
572101
572143
572225
572320
572441
572564
572620
572632
572775
572793
572979
573169
573221
573319
573343
573426
573707
573711
573712
573745
573793
574009
574700
574844
575096
575364
575370
575375
575377
575482
575561
575584
575811
575817
575820
575893
575939
576201
576374
576475
576528
577254
577285
577287
577293
577349
577539
577691
577787
577971
578257
578327
578371
578394
578572
578582
578652
578750
578754
578821
578928
579070
579156
579195
579218
579300
579313
579339
579436
579506
579884
580118
580422
580458
580570
580615
580617
580667
580671
580805
580903
580953
581032
581124
581305
581618
581726
581747
581747
581819
581907
581916
581947
582010
582051
582105
582190
582346
582427
582522
582539
582845
582996
583144
583148
583223
583282
583311
583401
583444
583815
583872
583892
584037
584072
584111
584157
584367
584444
584471
584503
584549
584646
584657
584699
584809
584931
584972
585039
585249
585258
585315
585703
585887
585963
586007
586012
586102
586145
586200
586342
586453
586505
586633
586649
586879
586924
587215
587229
587261
587300
587460
587477
587592
587619
587859
587901
587958
588084
588548
588617
588764
588840
588904
588911
589016
589160
589204
589212
589698
589705
589708
589770
589788
590000
590001
590002
590874
590878
591173
591272
591401
591444
591455
591492
591975
591990
592016
592077
592390
592477
592574
592693
592756
592765
592860
592982
593163
593284
593346
593349
593439
593443
593751
593999
594008
594241
594294
594398
594573
594580
594843
594847
595243
595253
595394
595484
595497
595515
595566
595843
595870
595874
595893
595904
595975
596043
596046
596130
596207
596267
596390
596489
596526
596718
596816
596834
597330
597522
597525
597541
597624
597919
598336
598375
598438
598574
598584
598663
598677
598724
598850
598884
598974
599163
599183
599253
599262
599268
599304
599310
599341
599470
599479
599520
599571
599599
599843
599893
599967
600058
600192
600213
600335
600358
600359
600369
600412
600621
600728
600908
600992
601084
601147
601380
601419
601436
601670
601755
601862
602183
602439
602587
602649
602691
602855
602926
603112
603192
603262
603399
603446
603632
603912
604018
604060
604068
604072
604120
604223
604329
604474
604500
604510
604548
604610
604756
604960
605206
605379
605463
605659
605805
605959
606005
606193
606415
606538
606573
606822
606954
607162
607208
607352
607577
607620
607622
607628
607693
607798
608136
608235
608442
608577
608636
608779
609070
609095
609096
609147
609166
609216
609223
609330
609547
609654
609721
609809
609847
609876
609973
610214
610235
610236
610261
610334
610351
610371
610630
610977
611286
611300
611338
611459
611569
611659
611838
612094
612220
612324
612338
612379
612441
612752
612827
612865
612886
612966
613093
613116
613239
613312
613423
613427
613483
613509
613640
613694
613713
613767
613792
613878
613901
613951
614074
614156
614301
614577
614658
614694
614789
615078
615141
615296
615299
615334
615355
615370
615388
615463
615554
615607
615663
615929
615945
615992
616000
616114
616501
616694
616702
616723
616724
616947
617007
617091
617096
617198
617208
617362
617554
617692
617724
617729
617897
618071
618352
618368
618376
618380
618385
618449
618472
618576
618653
618704
618722
618772
618967
619023
619028
619029
619039
619049
619143
619160
619164
619281
619442
619581
619642
619646
619717
619783
619865
620040
620264
620363
620403
620434
620493
620551
620564
620770
620893
620966
621041
621233
621291
621315
621369
621549
621694
621749
621949
622002
622157
622250
622252
622275
622378
622401
622435
622655
622743
622941
623042
623087
623099
623100
623112
623171
623187
623201
623281
623408
623408
623450
623535
623797
623862
623898
623899
623930
623989
624060
624122
624205
624262
624357
624399
624416
624439
624479
624501
624561
624652
624670
624698
624704
624834
624847
624853
625023
625098
625135
625187
625283
625301
625405
625529
625556
625606
625692
625851
625911
625913
625922
626010
626331
626404
626471
626651
626665
626807
626932
626990
627038
627107
627380
627502
627638
627733
627759
627963
627983
628020
628050
628338
628398
628481
628590
628596
628972
629001
629024
629123
629205
629206
629243
629263
629420
629536
629727
629936
629977
630009
630016
630194
630254
630289
630296
630367
630420
630425
630490
630494
630534
630579
630622
630640
630643
630671
630672
630965
631154
631166
631357
631394
631398
631681
631686
631803
631849
632091
632268
632348
632353
632390
632437
632480
632490
632619
632732
632754
632822
632836
632899
632961
633013
633103
633194
633318
633396
633529
633617
633880
633904
633941
633964
634068
634100
634189
634200
634200
634324
634523
634730
634804
634838
634846
634932
635032
635057
635189
635279
635454
635463
635596
635684
635783
635880
635918
635970
635985
635995
636072
636235
636237
636294
636533
636584
636593
636668
637220
637279
637303
637533
637544
637635
637785
637859
637924
637942
637947
638052
638073
638089
638151
638185
638205
638233
638316
638594
638679
638752
638793
638797
638818
638963
639076
639125
639151
639202
639214
639277
639416
639448
639689
639690
639734
639751
639846
640217
640309
640434
640462
640597
640637
640696
640722
640735
640795
640954
640984
641053
641077
641507
641568
641581
641585
641595
641636
642462
642857
642861
642934
642955
643196
643358
643364
643489
643590
643882
643970
643979
644030
644076
644227
644245
644269
644295
644306
644323
644424
644565
644691
644723
644770
644889
645089
645112
645206
645247
645488
645618
645667
645801
646129
646420
646471
646523
646633
646651
646743
646782
646836
646898
646939
647016
647050
647112
647194
647346
647421
647433
647463
647477
647822
647852
647992
648023
648070
648127
648145
648191
648312
648419
648616
648701
648830
649120
649159
649262
649389
649412
649494
649930
650052
650109
650176
650306
650311
650704
650712
650827
651090
651303
651308
651424
651509
651519
651524
651581
651671
651724
651760
651912
651920
651931
652188
652222
652418
652583
652671
652686
652827
652902
653090
653579
653645
653723
653781
653934
654031
654201
654461
654831
654833
654838
655005
655039
655247
655376
655491
655526
655587
655589
655743
655800
655875
655998
656088
656377
656450
656451
656455
656576
656615
656677
656701
656740
656980
657089
657128
657152
657194
657364
657392
657551
657581
657873
658078
658089
658097
658117
658130
658375
658683
658685
658756
658819
658916
658917
658941
659031
659357
659391
659740
659760
659833
659846
659938
660124
660132
660218
660272
660455
660542
660668
660952
660961
660967
661003
661009
661231
661275
661287
661329
661336
661358
661697
661920
662005
662066
662180
662223
662243
662291
662307
662361
662625
662757
662799
662827
662838
663033
663046
663204
663405
663640
663737
663891
664089
664116
664329
664572
664646
664670
664705
664799
664866
664926
664960
665063
665294
665310
665488
665510
665593
665737
665762
666029
666470
666496
666518
666869
666876
666970
666994
667324
667336
667387
667639
667674
667695
667806
668020
668075
668120
668196
668231
668302
668497
668824
668848
668893
668981
669090
669121
669187
669238
669451
669458
669500
669689
669720
669794
669904
669977
669977
670016
670103
670150
670289
670299
670316
670316
670406
670512
670700
670701
670739
670803
670983
671507
671583
671638
671678
671732
671748
671780
672018
672077
672093
672197
672218
672248
672301
672317
672356
672632
672796
672816
672837
672843
672943
673266
673519
673627
673685
673704
673754
674157
674166
674176
674228
674316
674331
674456
674602
674665
674708
674763
674765
674809
675105
675246
675664
675964
676003
676536
676632
676777
676893
676998
677073
677150
677599
677605
677631
677700
677722
677785
677930
677981
678175
678474
678513
678526
678645
678895
678991
679179
679483
679523
679592
679742
679830
679875
680149
680175
680271
680341
680382
680516
680762
680792
680795
681045
681070
681162
681247
681250
681438
681503
681524
681610
681730
682490
682526
682549
682582
682601
682682
682884
682951
683013
683064
683174
683193
683273
683288
683306
683310
683461
683783
683786
683795
683796
683911
684146
684384
684544
684555
684563
684693
684776
684783
684959
685186
685276
685330
685340
685356
685384
685405
685605
685678
685685
685757
685825
685906
686075
686141
686283
686318
686595
686637
686664
686709
686835
686962
686963
687101
687101
687285
687322
687344
687373
687420
687586
687660
687696
687803
688205
688226
688260
688382
688611
688660
688666
688674
688687
688734
688772
688775
688964
689039
689097
689103
689271
689318
689361
689415
689632
689663
689824
689865
689941
690032
690069
690077
690154
690234
690289
690471
691013
691262
691312
691318
691346
691350
691403
691571
691717
691762
692008
692044
692173
692411
692470
692562
692819
692931
692936
693016
693029
693116
693186
693232
693265
693396
693471
693539
693743
693856
694471
694511
694546
694586
694602
694874
695185
695237
695342
695362
695666
695812
695861
695862
696053
696075
696283
696325
696353
696378
696452
696753
696832
696860
697063
697102
697208
697246
697362
697415
697497
697513
697542
697680
697680
698064
698070
698110
698177
698206
698318
698451
698655
698882
698886
698947
699021
699096
699170
699413
699598
699693
699710
699722
699809
699850
699931
699984
700284
700657
700727
700783
700818
700913
701115
701169
701176
701304
701396
701487
701573
701639
701754
701847
701972
702008
702084
702092
702114
702239
702331
702392
702641
702763
702764
702862
703059
703176
703486
703636
703711
703934
704122
704123
704298
704464
704622
704630
704716
704758
704802
705344
705428
705497
705815
705871
706029
706263
706350
706391
706444
706561
706623
706702
706764
706772
706870
707019
707094
707104
707250
707251
707287
707842
707876
707921
707939
707956
707987
708046
708121
708158
708188
708285
708406
708425
708449
708502
708524
708714
708845
708977
709099
709102
709105
709164
709189
709233
709247
709250
709279
709719
709724
709963
710016
710264
710303
710312
710345
710381
710488
710621
710789
710840
710907
710981
711001
711136
711346
711449
711474
711616
711816
711886
711965
712021
712057
712234
712251
712412
712429
712443
712512
712620
712702
712834
712950
712973
712978
713015
713027
713054
713420
713509
713544
713708
713779
713802
713827
713903
713908
714002
714011
714176
714191
714230
714252
714268
714295
714425
714446
714461
714484
714585
715123
715388
715472
715597
715635
715794
715921
716061
716113
716133
716173
716276
716360
716418
716418
716615
716625
716660
716754
716782
716835
716860
716903
717082
717116
717131
717153
717275
717289
717328
717388
717445
717561
717619
717665
717690
717745
717848
717867
717917
717923
718046
718290
718571
718737
718902
719000
719068
719111
719144
719174
719192
719301
719345
719373
719590
719639
719766
719815
720087
720138
720145
720245
720253
720290
720349
720558
720616
720668
720764
720767
720810
720860
720923
720989
721068
721073
721086
721160
721253
721297
721342
721664
721699
721725
721873
722019
722082
722187
722268
722429
722461
722567
722580
722604
722744
723043
723175
723219
723332
723571
723608
723817
724057
724061
724283
724329
724342
724349
724680
724766
724935
724975
725086
725233
725387
725547
725565
725673
726012
726106
726151
726171
726299
726314
726423
726753
726937
727001
727074
727081
727168
727298
727326
727333
727466
727491
727595
727719
727746
727809
727860
728040
728043
728163
728284
728334
728353
728411
728412
728436
728515
728730
729051
729057
729323
729327
729385
729464
729479
729564
729567
729576
729585
729667
729690
729751
729912
730118
730213
730351
730410
730453
730620
730661
730682
730711
730753
730759
730845
730946
730968
731119
731127
731216
731324
731374
731435
731548
731560
731721
731786
731802
731910
731977
732032
732049
732103
732119
732140
732230
732239
732292
732373
732396
732616
732675
732846
732967
733055
733061
733066
733204
733258
733501
733710
734079
734087
734098
734107
734158
734158
734223
734231
734247
734277
734448
734536
734567
734630
734807
734939
735007
735143
735167
735241
735453
735554
735727
735802
735812
735893
735941
735942
736001
736249
736250
736278
736365
736489
736490
736494
736508
736693
736710
736737
736768
736889
737000
737285
737467
737616
737621
737630
737749
737767
737800
737836
737882
737996
738007
738091
738223
738251
738549
738557
738639
738697
738818
738852
738878
738916
738987
739152
739350
739393
739465
739486
739492
739494
739544
739637
739660
739806
739907
739940
740054
740083
740309
740344
740434
740610
740994
741076
741458
741472
741671
741763
741879
742005
742078
742111
742149
742156
742221
742249
742270
742410
742417
742447
742642
742688
742743
743001
743088
743191
743200
743213
743373
743415
743559
743562
743637
743680
744192
744198
744342
744527
744673
744676
744697
744899
744932
744997
745034
745125
745138
745143
745153
745218
745428
745492
745570
745609
745698
745831
745899
745933
745949
746148
746179
746320
746554
746600
746713
747524
747654
747694
747740
747938
747982
748002
748098
748246
748307
748502
748560
748581
748593
748804
748946
749032
749487
749800
749847
749926
749962
749963
750017
750137
750268
750585
750617
750770
750955
751017
751286
751714
751736
751827
751984
752074
752154
752221
752239
752500
752587
752593
752649
752658
752728
752754
752938
752943
752961
753064
753074
753112
753115
753139
753229
753346
753383
753492
753675
753693
753856
753964
754020
754133
754261
754316
754372
754508
754558
754657
754660
754681
754730
754802
755117
755172
755266
755328
755492
755497
755534
755641
755651
755678
755897
755983
756080
756103
756182
756231
756250
756302
756590
756712
756764
756873
757057
757274
757275
757548
757579
757650
757698
757817
757910
757998
758254
758292
758300
758519
758709
758732
758877
758890
758908
758924
759048
759097
759167
759309
759396
759551
759570
759621
759632
760190
760233
760286
760478
760552
760693
760761
760821
761188
761248
761253
761281
761343
761564
761642
761664
761768
761779
761804
761861
761958
762179
762268
762321
762429
762677
762785
762807
762902
763030
763261
763309
763341
763445
763476
763603
763772
763849
763867
764210
764378
764423
764425
764435
764636
765030
765033
765125
765270
765333
765494
765532
765649
765864
766018
766161
766191
766306
766386
766471
766576
766590
766997
767044
767118
767206
767261
767348
767413
767429
767431
767500
767555
767564
767579
767779
767871
767959
768220
768267
768310
768478
768525
768553
768567
768624
768678
768705
768710
768779
769023
769068
769102
769212
769217
769249
769328
769398
769449
769591
769726
769766
770009
770032
770256
770402
770411
770447
770465
770505
770584
770585
770654
770655
770679
770756
770818
770833
770906
770929
771015
771023
771081
771094
771163
771263
771265
771489
771513
771542
771572
771604
771730
771732
771932
772105
772115
772215
772225
772279
772282
772608
772609
772618
772624
772785
772834
772845
772863
772880
772893
772924
772925
772934
773023
773103
773105
773203
773407
773498
773618
773660
773687
773766
773927
773976
774142
774162
774190
774268
774449
774501
774614
774669
774763
774930
774984
774996
775058
775124
775207
775223
775272
775284
775311
775403
775558
775788
775801
775807
775955
776003
776011
776199
776230
776453
776621
776636
776707
776839
776915
776969
777010
777098
777176
777305
777368
777386
777407
777484
777679
777762
777913
777996
778005
778281
778647
778922
779121
779399
779506
779736
779743
779929
780118
780124
780169
780239
780442
780482
780584
780738
780753
780841
780920
781361
781582
781680
781685
781788
781905
781934
782011
782066
782103
782303
782653
782725
782737
782740
782740
782749
782815
782848
782959
783016
783050
783226
783580
783904
783924
783947
783970
784102
784156
784207
784289
784386
784460
784464
784475
784479
784527
784528
784548
784564
784595
784684
784795
785093
785186
785186
785266
785302
785355
785372
785396
785405
785462
785476
785528
785717
785810
785830
785842
785845
785864
785993
786009
786118
786134
786221
786313
786385
786394
786568
786650
786881
786926
787028
787120
787195
787521
787532
787633
787675
787944
788076
788395
788477
788889
788971
789004
789172
789269
789372
789429
789488
789513
789524
789697
789797
789988
790280
790336
790338
790429
790441
790538
790549
790726
790838
791141
791213
791316
791340
791470
791483
791489
791614
791639
791682
791789
791853
792017
792031
792118
792156
792331
792386
792548
792668
792827
792844
792933
793002
793159
793209
793294
793370
793440
793494
793599
793633
793800
793865
793882
793883
793980
794010
794095
794096
794147
794150
794164
794227
794228
794447
794569
794632
794807
795042
795196
795233
795346
795443
795459
795500
795580
795758
795759
795811
795899
796221
796239
796249
796431
796718
796765
796792
796902
796975
797001
797082
797115
797407
797468
797627
797662
797687
797940
798010
798150
798199
798315
798541
798681
798744
798801
799034
799128
799349
799351
799381
799609
799791
800010
800025
800069
800256
800291
800298
800318
800406
800416
800545
800579
800902
800971
801394
801496
801672
801682
801720
801896
801954
801956
801961
802008
802043
802140
802174
802227
802300
802447
802654
802856
803016
803102
803350
803364
803486
803495
803609
803664
803759
803793
803959
804008
804055
804152
804167
804268
804331
804348
804379
804433
804475
804915
804961
805284
805527
805823
805906
805934
806023
806185
806270
806354
806543
806716
806829
806951
807126
807198
807345
807399
807724
807776
807834
808174
808476
808570
808667
808682
808684
808836
809012
809051
809239
809331
809354
809364
809435
809470
809498
809857
809881
810216
810308
810398
810454
810645
810747
810887
810935
810972
810986
810989
811040
811131
811330
811571
811939
811988
812033
812049
812171
812280
812337
812354
812357
812722
812772
812852
812888
812992
813050
813188
813189
813199
813220
813269
813325
813468
813508
813556
813572
813737
813769
813770
813849
813879
813905
814118
814135
814279
814365
814385
814397
814595
814889
814978
815006
815015
815153
815170
815187
815220
815290
815301
815410
815786
815823
815954
816020
816082
816227
816242
816335
816359
816634
816638
816775
816997
817098
817170
817353
817455
817458
817487
817514
817685
818080
818115
818214
818320
818532
818579
818653
818777
819224
819242
819312
819397
819399
819404
819592
819608
819632
819667
819786
819829
820013
820374
820577
820594
820902
820992
821001
821195
821247
821499
821837
821905
822079
822461
822536
822558
822599
822741
822893
822906
823130
823250
823265
823324
823373
823453
823459
823481
823674
823690
824068
824071
824098
824127
824248
824357
824367
824408
824637
824681
824738
824982
825200
825210
825254
825279
825443
825517
825588
825597
825637
826022
826096
826303
826346
826361
826394
826514
827051
827252
827266
827378
827623
827725
827775
827839
827897
827901
827963
827977
828158
828221
828282
828461
828469
828688
828754
828765
828936
828971
829165
829198
829262
829452
829527
829625
829625
829628
829677
829782
829807
829978
830008
830067
830250
830266
830271
830276
830284
830348
830378
830510
830559
830568
830584
830597
830906
831075
831112
831182
831253
831295
831667
831770
831799
831835
831985
832097
832321
832321
832725
832737
832742
832932
832968
833099
833190
833275
833340
833378
833477
833698
833829
833959
834009
834098
834378
834435
834449
834645
834654
834797
835070
835098
835192
835295
835336
835478
835565
835699
835772
835853
836144
836260
836273
836555
836766
836865
836873
836941
837044
837138
837171
837276
837466
837601
837881
837994
838020
838057
838366
838555
838797
839226
839426
839495
839651
839750
839874
840081
840115
840176
840358
840361
840386
840403
840691
840773
840881
840951
840956
841020
841058
841069
841464
841481
841541
841598
841644
841727
841756
841796
841912
841948
841999
842060
842151
842210
842549
842891
842944
843031
843145
843180
843282
843371
843516
843587
843687
843961
844033
844190
844248
844249
844313
844328
844330
844374
844433
844535
844815
844836
844856
845085
845129
845169
845176
845236
845248
845278
845617
845845
846225
846253
846264
846405
846439
846593
846921
846965
846985
847065
847305
847471
847472
847651
847678
847681
847827
847929
847947
848163
848491
848497
848531
848588
848665
848798
848908
849047
849465
849540
849577
849621
849650
849725
849911
849951
850053
850155
850274
850325
850425
850476
850482
850565
850613
850712
851049
851262
851541
851626
851663
851718
851720
851738
852257
852285
852325
852330
852355
852811
853213
853289
853371
853551
853664
853791
853814
853822
853932
853987
854084
854180
854225
854230
854406
854485
854520
854593
854745
854764
854850
854924
855003
855039
855123
855227
855359
855476
855547
855710
855855
855871
855945
855963
855989
856056
856132
856178
856191
856410
856653
856707
856727
856788
856851
857147
857261
857288
857660
857671
857689
857750
857845
857992
858055
858203
858207
858396
858434
858603
858631
858910
859261
859384
859416
859421
859585
859613
859777
859777
859875
859941
859998
860004
860085
860229
860233
860302
860376
861142
861192
861304
861450
861461
861494
861530
861570
861727
861997
862025
862069
862092
862302
862603
862661
862763
862766
862775
862830
862947
862948
863026
863192
863337
863432
863635
863858
863879
863886
864045
864059
864174
864204
864331
864548
864681
864687
864799
864814
864981
865538
865540
865645
865747
866113
866124
866267
866277
866300
866630
866664
866765
866789
867170
867182
867223
867254
867448
867461
867582
867687
867799
867955
868027
868089
868154
868353
868398
868614
868860
869018
869458
869764
869891
869916
869925
869942
869957
870104
870121
870200
870371
870449
870608
870697
870720
870814
870835
870887
871040
871132
871212
871285
871328
871430
871571
871647
871692
871746
871928
872001
872034
872036
872137
872416
872511
872628
872647
872691
872845
872960
873186
873457
873473
873599
873765
874082
874255
874288
874374
874517
874749
874773
874813
874870
875012
875018
875189
875287
875435
875521
875533
875613
875720
875721
875783
875883
875917
875942
876000
876099
876233
876348
876452
876486
876646
876739
876938
876986
877388
877676
877769
877847
877865
877912
877986
878038
878048
878051
878112
878338
878915
879063
879076
879096
879106
879132
879138
879527
879553
879564
879684
879924
880008
880022
880068
880071
880255
880280
880329
880558
880589
880624
880628
880808
880823
880897
880971
881038
881090
881119
881491
881588
881603
881920
881985
882304
882330
882411
882426
883006
883045
883131
883199
883279
883412
883478
883487
883543
883587
883634
883776
883859
883861
883953
884341
884552
884595
884721
884846
885088
885137
885294
885312
885337
885406
885460
885527
885743
885761
885944
886054
886229
886274
886380
886425
886441
886502
886761
886777
886825
886962
887002
887019
887323
887385
887421
887426
887427
887462
887518
887520
887558
887651
887697
887780
888125
888182
888261
888273
888321
888408
888432
888448
888561
888568
888617
888675
888703
888728
888840
888857
888871
888947
888957
889018
889110
889134
889140
889170
889172
889271
889291
889334
889379
889422
889530
889550
889900
890026
890089
890255
890291
890302
890306
890400
890413
890487
890688
890724
890866
890964
891112
891150
891220
891240
891323
891655
891903
892101
892110
892385
892481
892499
892506
892517
892869
893199
893327
893450
893450
893766
893785
893876
893992
894056
894183
894199
894601
894812
895269
895277
895283
895294
895334
895366
895507
895568
895635
895866
895899
895943
896038
896039
896054
896118
896129
896179
896259
896335
896395
896411
896901
897096
897215
897301
897388
897425
897594
897597
897641
897730
897817
898008
898231
898334
898390
898479
898684
898712
898906
898983
899086
899102
899281
899296
899357
899429
899645
899742
899816
899841
899899
899932
899965
900016
900177
900359
900556
900620
900621
900658
900848
900875
900912
900996
901069
901100
901161
901279
901502
901582
901967
901988
902195
902201
902204
902301
902362
902743
902799
902974
903087
903092
903155
903317
903442
903580
904000
904063
904125
904626
904701
905393
905637
905774
905801
905898
906087
906105
906120
906125
906129
906153
906172
906221
906473
906482
906846
907056
907116
907164
907193
907264
907289
907449
907553
907782
907902
907959
908403
908497
908537
908806
908848
909032
909079
909176
909266
909423
909428
909457
909517
909865
909964
910294
910382
910550
910669
911101
911115
911359
911369
911694
911810
911981
912066
912081
912091
912136
912156
912347
912586
912631
912801
912928
912977
913077
913135
913288
913489
913503
913873
913958
914014
914089
914111
914221
914232
914510
914698
914854
915398
915540
915563
915746
915751
916069
916251
916646
916867
917044
917154
917209
917313
917349
917415
917469
917510
917598
917715
917814
917962
918044
918057
918072
918110
918191
918252
918280
918360
918376
918391
918590
918820
918862
919044
919200
919230
919411
919433
919831
919863
920016
920203
920445
920492
920523
920545
920589
920638
920650
920659
920822
920883
921475
921541
921607
921685
921759
921794
921933
922123
922142
922173
922201
922202
922361
922413
922548
922599
922774
922947
923022
923090
923165
923210
923522
923546
923679
923692
923891
924040
924061
924218
924346
924353
924501
924657
924703
924748
924827
924839
924850
924909
924931
925014
925062
925158
925194
925196
925204
925380
925401
925531
925986
926182
926196
926216
926313
926522
926776
926852
926956
927023
927283
927287
927297
927427
927440
927675
927714
927806
927834
927861
927976
928024
928277
928544
928572
928610
928649
928685
928741
928839
929044
929408
929416
929421
929513
929526
929584
929638
929767
929945
930010
930077
930086
930098
930136
930165
930166
930189
930281
930333
930355
930356
930433
930645
930676
930947
930952
931010
931126
931166
931201
931233
931261
931598
931659
931759
931949
932040
932097
932256
932261
932280
932420
932423
932441
932541
932541
932606
932773
932885
932936
933044
933078
933218
933256
933260
933276
933316
933394
933448
933454
933474
933509
933970
934009
934018
934032
934050
934110
934129
934146
934198
934221
934288
934325
934363
934371
934393
934426
934493
934585
934687
934751
934846
935018
935027
935290
935416
935743
935767
935820
935823
935952
936289
936325
936441
936608
936726
936943
937072
937151
937625
937769
938037
938154
938243
938264
938685
938809
938940
939033
939098
939121
939315
939371
939428
939571
939607
939674
939775
940009
940166
940337
940424
940450
940501
940603
940811
940962
940978
941024
941200
941258
941262
941298
941334
941415
941620
941680
941740
941868
941917
941920
941961
942023
942528
942578
942586
942668
942821
942886
942910
942935
942966
943271
943386
943595
943740
944301
944512
944521
944556
944563
944575
944669
944699
944709
944812
944839
944857
944889
944918
944921
944959
945295
945335
945369
945421
945911
945954
945999
946113
946142
946175
946188
946209
946281
946351
946704
946794
946813
947109
947131
947285
947444
947550
947550
947676
947774
947802
947836
947854
947899
948057
948380
948463
948469
948639
949013
949014
949076
949078
949162
949165
949170
949237
949237
949287
949302
949385
949428
949430
949456
949579
949823
949898
950013
950013
950047
950114
950309
950332
950526
950547
950570
950596
950891
950966
951337
951431
951579
951641
951813
951867
951877
951878
951966
952316
952425
952426
952510
952576
952668
952730
952797
952810
952810
952892
952986
953094
953172
953173
953238
953423
953472
953494
953568
953749
954071
954340
954601
954753
954895
954932
955104
955331
955454
955528
955844
955849
956392
956679
957216
957440
957496
957536
957596
957964
957988
958056
958432
958527
958843
958879
958908
958925
959206
959222
959280
959325
959530
959573
959832
959894
959930
959968
959987
960058
960188
960217
960355
960481
960680
960687
960736
960833
961079
961081
961129
961152
961274
961370
961393
961528
961545
961555
961802
961834
962208
962211
962218
962464
962544
962736
962895
962922
962969
962971
963093
963148
963163
963234
963274
963316
963370
963549
963587
963797
963881
963980
964188
964275
964346
964532
964734
964812
964824
965047
965109
965232
965275
965304
965357
965359
965413
965450
965603
965795
965846
965962
965993
966011
966177
966401
966467
966724
966831
967016
967024
967187
967219
967525
967581
967820
968021
968050
968069
968227
968353
968442
968450
968468
968564
968588
968680
968788
968902
969015
969155
969291
969390
969429
969553
969648
970103
970248
970349
970401
970409
970599
970607
970696
970805
970884
970895
970941
971013
971019
971284
971359
971490
971603
971716
971823
971974
972042
972057
972146
972304
972347
972404
972435
972468
972555
972586
972838
972892
973211
973407
973629
973672
973741
973769
973810
973831
973986
974033
974460
974544
974666
974766
974812
974845
974853
974858
975011
975045
975153
975197
975416
975429
975692
975837
975870
975880
975897
975917
976139
976163
976323
976466
976472
976662
976669
976827
976947
977003
977215
977239
977322
977420
977470
977515
977687
977762
977820
978221
978245
978259
978271
978297
978305
978334
978358
978571
978594
978629
978688
978712
978886
978899
978903
978936
979237
979324
979431
979445
979605
979696
979792
979938
979989
980007
980145
980187
980349
980752
980801
980817
981132
981154
981193
981203
981244
981435
981472
981490
981740
981836
981869
981946
981959
982009
982040
982192
982197
982340
982475
982848
982880
983059
983070
983195
983207
983212
983229
983331
983334
983371
983379
983399
983547
983561
983661
983663
983838
984011
984051
984064
984070
984178
984325
984411
984447
984542
984598
984644
984678
984745
984990
985091
985108
985207
985267
985371
985436
985925
985958
985996
986044
986356
986452
986460
986719
986852
986876
986891
986897
987192
987297
987390
987465
987531
987553
987853
988016
988159
988299
988499
988626
988643
988659
988803
988960
988967
988976
989378
989510
989618
989730
989827
990058
990061
990230
990352
990439
990471
990489
990506
990630
990638
990661
990734
990892
990915
991035
991181
991186
991245
991365
991414
991592
991890
992276
992389
992399
992505
992532
992578
992737
992917
992924
992987
993019
993023
993042
993361
993384
993468
993479
993707
993789
994078
994181
994209
994301
994312
994410
994557
994841
994853
994860
994936
994952
994996
995346
995382
995395
995582
995621
995654
995654
995688
995848
995868
995957
996024
996026
996235
996322
996365
996408
996754
996756
996881
997004
997048
997118
997125
997148
997170
997174
997323
997331
997394
997483
997510
997512
997540
997562
997602
997608
997672
997855
997858
997887
997889
997900
997933
998073
998205
998365
998458
998565
998589
998779
998840
998863
999362
999364
999511
999555
999718
999761
999841
999987
999999
