100
11139
12711
17064
30999
44665
44838
60162
75926
106723
113150
113173
115235
143270
149236
159744
168033
170013
179173
181749
185368
198305
207396
221058
222625
226323
240038
243387
251677
253051
253353
265614
271037
271523
285317
289167
292987
294782
296517
301684
308276
310137
310455
332581
336848
343946
345956
352251
353283
355382
377419
381513
387561
396917
419710
438721
440456
443254
469829
475136
491689
491937
492748
506607
514351
519318
527062
554735
562327
562732
591075
598477
622688
638968
641984
645196
673441
677225
692692
703971
706769
714314
722989
725169
736485
779370
779611
789084
801991
847552
851088
853354
857807
875231
883711
895313
906678
944279
956139
961962
998321
