1000
746
1065
4674
4995
6467
6801
8087
10190
11302
11914
12769
12800
15120
17344
20105
20449
20587
20628
20758
21160
21197
21702
24015
24552
24867
26215
31133
31311
33139
33186
44798
47365
48374
49538
49829
50652
51076
52944
53515
53659
54222
58946
59413
59632
59955
60174
61240
61399
64796
66585
66776
68996
70573
71771
72180
72186
72598
73566
74228
77145
77852
79210
81023
83114
83174
83415
83580
85583
86223
87520
87717
88549
89600
89900
90707
90856
90945
92912
94820
97130
97412
97673
97997
99974
100899
101150
101301
105016
105252
106488
107797
108428
110450
112996
113707
114485
117713
118619
120574
126072
126442
126573
126633
127697
129469
130025
130433
130696
131899
132226
132772
132831
133557
134170
134480
135828
136168
136409
137625
138777
138865
138869
139411
140008
140012
140250
141451
141497
141525
142276
142433
142680
144542
145077
145944
146777
147007
147571
148194
152486
153443
154098
155002
156941
159274
159402
160026
160184
160890
161290
162194
162931
164842
166150
167561
167749
168126
169381
170145
171212
172412
172780
174190
174748
176181
177403
178670
180829
182342
183278
186689
189426
190312
191008
193136
194394
198777
199319
199402
200522
202043
206087
208101
208285
209306
211296
211529
211541
212915
213061
213321
215972
216341
217468
218383
221643
222750
223905
224905
225547
225764
226372
226715
227222
227565
229665
230359
230524
230691
230938
231092
231276
232771
233374
234876
235130
236360
236702
238242
240621
241504
242117
242250
242947
243092
244186
247131
248253
249108
249382
251771
253845
254327
254573
255245
255586
257493
259791
262827
263400
263904
265850
266364
267019
268368
269644
270260
270622
270797
270911
271041
272722
272779
273702
274287
274441
274653
275560
275887
276539
277211
279117
280145
280522
282050
283371
283660
283828
283879
283956
284327
284389
284742
284892
285217
286076
286865
286911
288725
288954
290579
291479
291855
294239
295011
296151
299704
301423
301484
303596
303780
305113
305460
307109
307809
307954
308748
309935
311282
312270
312765
315080
316173
316184
318212
321203
321360
324489
326155
327762
328446
328497
329201
329692
330071
331066
331104
331624
331808
332673
333996
336278
336969
336998
337550
338310
340741
340953
341502
341823
341865
342278
343185
343715
344794
345280
345880
346587
347662
348921
349285
350649
352797
353329
353442
353554
354314
354705
355572
355968
356194
356209
356358
356906
357492
358661
358914
359343
359467
360604
360885
363734
364362
364900
365872
368202
369561
370689
370704
370724
372540
372696
373016
373908
374411
377570
378552
378742
379343
380728
380920
381620
382359
383645
385398
386603
388580
388938
389361
390155
390408
392558
392780
392822
393715
394278
394492
395489
395981
397213
399199
399355
399853
403241
403647
403735
404144
405224
410949
411116
411791
411838
414749
415621
417713
418074
419283
421710
422622
422784
422857
422932
427233
427275
431124
431198
435897
436988
438251
439971
441122
441435
441708
442018
443166
443768
443822
444818
446631
447876
448175
451429
453664
453671
454363
454517
455212
456361
456783
456948
457808
459605
460766
461150
462292
462602
463148
464329
466680
466888
467103
467406
469461
469470
469969
471036
473084
474804
475622
476448
476676
476920
477734
480104
481544
482422
483802
484071
484571
485034
486987
487995
488306
488782
488983
489164
490853
491232
492762
493822
500044
503950
504013
504991
505269
505397
505550
505723
506439
507768
510858
511906
512161
512633
513207
513266
515919
516305
517231
519299
519692
519780
521559
521866
524400
526544
526619
527834
528871
529557
529654
530502
530733
530958
531308
531824
532417
532913
533999
534199
535238
535647
536083
536456
537024
537661
537771
538208
538425
539687
539708
540803
541525
542186
543704
544065
544106
544250
544677
545149
545909
548945
549317
550461
551260
551880
551902
552376
552941
556343
556612
559594
560146
563505
564172
564878
564943
565098
565801
568549
569085
569118
570326
570461
572741
576346
577089
577170
577327
578046
579219
579412
579489
581897
582754
584277
584628
584915
586284
588188
589263
589630
589644
590096
590113
591002
591011
592831
593672
595235
596012
596598
598358
600039
600514
603145
603610
603711
606119
606557
607066
607839
609281
609296
611256
613922
614440
617006
617391
618164
620321
621321
621359
621644
622399
622960
624646
624954
625419
626264
626663
626928
628827
629493
629778
630606
633504
635461
636160
637194
638001
639852
640151
641966
642104
644159
646087
646428
648036
649777
651688
652320
654931
655277
656553
656988
657596
658665
661547
662257
662365
662941
663483
663813
664244
664532
664558
665249
665861
666240
666327
667279
668232
668242
669942
670925
671816
672306
672380
673864
674802
675406
677202
677688
678048
678880
679030
681501
681892
682847
683713
684227
684638
685578
685805
688172
688302
689059
690244
693686
694110
694289
694922
695556
695979
699932
705117
705220
705546
710198
710383
712321
713821
716311
717122
717614
717690
718121
718858
721020
723028
723677
724297
724545
724561
725014
725015
725878
728719
728750
728958
730262
730314
730573
732512
733080
735045
738459
738692
739991
740052
740780
741188
741218
744777
746048
746888
747802
748854
748892
750786
751144
751259
752576
752652
753742
754385
756347
758592
759301
760071
760805
760830
763481
763685
764482
764616
764660
765576
765838
766419
767325
767580
768131
768231
768521
770226
770972
775108
775465
775587
776112
776912
777885
778392
778503
778910
779927
780169
781528
782442
783299
783489
783985
784182
784264
784279
785646
786046
789054
789230
790005
791529
791796
792364
795457
798199
798483
800670
801581
801823
802871
803178
803386
807495
807937
808228
809429
809745
811127
812881
816898
817136
817654
818175
819236
819787
819909
820119
820539
820996
821184
821596
821833
824118
824790
827594
828669
830023
831336
835282
837581
842197
843254
843266
843550
844592
847007
848917
850377
850575
851484
851766
851999
852071
852511
852755
853222
853334
853482
855304
855723
857409
858176
859093
860727
860748
861779
863304
863900
864081
865234
866315
866817
867716
868247
870840
870905
873231
874079
877670
878188
878324
879103
881904
882418
882987
886047
886352
888368
888945
889430
890401
890719
892225
893671
897005
899809
901979
902404
902489
903363
904441
906433
911785
914243
915072
915504
919058
921798
921965
922785
923491
923642
927632
927993
928350
928423
928877
929199
931748
934373
935279
935429
936680
936904
937170
938721
938818
939322
940808
940808
942088
942265
945841
947001
947856
950279
950825
951500
952383
954268
955508
961350
961717
963080
963224
963270
963364
964082
964530
964615
964841
964907
965113
967532
967652
968587
969097
971030
971150
971666
971955
972991
973142
974299
974307
974425
975377
976348
977444
978388
978870
980362
980871
981061
982073
982248
982326
982739
982878
984839
986439
986718
987356
988209
988611
989733
989804
993005
993581
994173
995527
995970
996310
996503
997959
999093
999431
999712
