10000
74
254
281
333
337
501
612
654
665
877
975
1233
1360
1399
1483
1560
1662
1723
1909
2025
2293
2315
2342
2596
2794
2902
2939
2957
3112
3248
3381
3504
3544
3681
3693
3773
3923
3983
4105
4243
4403
4482
4499
4597
4598
4780
4873
4889
4963
4995
5065
5073
5169
5181
5196
5235
5371
5445
5513
5550
5652
5664
5913
6069
6107
6184
6211
6248
6328
6420
6471
6519
6551
6651
6852
6927
6967
7071
7102
7104
7160
7241
7318
7487
7527
7556
7592
7659
7719
7772
7791
7792
7814
7907
8032
8088
8094
8237
8289
8368
8415
8548
8613
8649
8678
8708
8850
9095
9177
9189
9236
9267
9288
9333
9405
9460
9710
9820
10019
10095
10360
10361
10385
10771
10927
11015
11026
11213
11475
11548
11615
11652
11673
11693
11907
12142
12340
12385
12425
12610
12672
12768
12795
12854
12871
13092
13396
13487
13500
13599
13655
13706
13851
14465
14579
14607
14733
14786
14840
15001
15046
15073
15116
15297
15336
15400
15459
15518
15669
15885
15933
16023
16103
16493
16494
16648
16667
16741
16763
16850
17078
17356
17447
17642
17749
17764
18073
18098
18227
18273
18292
18565
18568
18576
18709
18730
18742
18797
18811
18814
19135
19140
19161
19170
19191
19252
19418
19424
19568
19699
19743
19861
19903
19996
20425
20758
20816
20955
21024
21068
21073
21104
21172
21215
21307
21676
21738
21748
21753
21794
22135
22370
22536
22577
22646
22661
22676
22757
22817
22836
22838
22983
23043
23182
23205
23288
23413
23442
23466
23481
23598
23605
23667
23729
23750
23976
24036
24102
24133
24269
24306
24314
24355
24439
24522
24634
24845
25039
25060
25175
25178
25201
25349
25394
25405
25440
25512
25787
25949
26176
26215
26764
26803
26838
26856
27089
27180
27371
27372
27492
27496
27659
27690
27752
27781
28052
28070
28107
28132
28337
28485
28512
28519
28778
28941
28971
29105
29212
29240
29304
29496
29583
29635
29760
29867
29881
30108
30164
30194
30214
30315
30545
30623
30709
30765
30851
30965
30995
31134
31158
31162
31298
31362
31522
31914
32056
32105
32160
32254
32287
32528
32561
32584
32664
32677
33037
33053
33108
33242
33404
33590
33597
33651
33727
33767
33920
33965
34007
34160
34193
34323
34433
34540
34798
34892
35013
35106
35169
35336
35372
35381
35385
35540
35613
35797
35871
35901
36037
36082
36087
36459
36516
36821
36847
36922
37304
37440
37552
37670
37708
37948
38060
38287
38296
38476
38540
38631
38666
38743
38871
38873
38984
39042
39055
39134
39235
39341
39423
39746
39976
40061
40219
40302
40339
40340
40413
40448
40461
40518
40522
40562
40574
40623
40735
40838
40916
40982
40988
41042
41083
41115
41168
41193
41253
41259
41623
41782
41860
41902
41959
42073
42142
42155
42156
42193
42301
42401
42430
42455
42491
42527
42617
42700
42708
42760
42808
42839
42936
42948
42972
43040
43259
43272
43314
43316
43322
43351
43631
43660
43787
43817
43869
43904
43935
43939
43940
44005
44125
44287
44359
44387
44416
44449
44685
44919
44922
45186
45273
45378
45442
45449
45652
45658
45802
45806
45821
45866
45885
45949
46017
46032
46164
46172
46371
46463
46469
46511
46786
46862
46987
47379
47593
47608
47726
48222
48288
48393
48503
48574
48742
48777
48879
48979
49000
49184
49193
49288
49369
49402
49557
49591
49651
49957
49982
50159
50393
50410
50429
50504
50661
50938
50987
51058
51091
51189
51207
51428
51585
51611
51658
51667
51696
51767
51782
51921
51995
52033
52317
52394
52404
52405
52422
52623
52837
52845
52889
52996
53069
53154
53255
53745
53750
53834
53862
53877
53949
54001
54181
54191
54413
54470
54616
54677
54763
54901
55213
55220
55302
55324
55511
55706
55787
55816
56079
56289
56430
56540
56599
56655
56793
57012
57148
57196
57210
57304
57382
57404
57413
57468
57527
57531
57665
57887
57938
57975
58035
58188
58226
58337
58406
58415
58498
58526
58540
58569
58612
58841
58957
58973
59107
59271
59297
59345
59423
59701
59821
59833
59869
60064
60070
60089
60098
60112
60112
60207
60284
60426
60472
60531
60531
60536
60603
60651
60849
60891
60989
61249
61343
61399
61450
61524
61563
61662
61865
61911
62067
62185
62250
62271
62359
62364
62551
62620
62674
62696
62737
62769
63007
63088
63308
63707
63772
63836
63850
63853
63913
64025
64085
64393
64559
64895
64983
65041
65141
65417
65475
65746
65775
65882
65891
66020
66227
66336
66472
66541
66597
66609
66661
66771
66824
66938
67399
67434
67469
67524
67578
67633
67944
68022
68057
68059
68157
68224
68536
68623
68848
68855
68872
68898
68966
69419
69443
69619
69690
69990
70144
70238
70736
70757
70858
70872
70947
71109
71115
71315
71450
71543
71606
71654
71667
71701
72061
72327
72330
72391
72617
72696
72808
72905
73089
73177
73355
73435
73464
73490
73501
73507
73535
73551
73568
73604
73676
73932
74247
74295
74299
74306
74498
74605
74631
74677
74757
74786
74840
74911
75371
75418
75432
75572
75578
75623
75657
75817
75835
75871
76089
76361
76556
76691
76778
76827
76928
76957
76971
77144
77232
77389
77457
77544
78101
78245
78258
78261
78299
78583
78717
78731
78795
78797
79048
79127
79156
79182
79257
79461
79666
79747
79851
79941
80043
80177
80202
80221
80230
80615
80685
80798
80832
80944
80989
81143
81227
81297
81298
81366
81461
81597
81656
81661
81692
81797
81809
81814
81889
81945
81975
82062
82217
82233
82248
82324
82330
82389
82483
82785
82813
82829
83097
83126
83245
83441
83647
83725
83756
83818
83943
84013
84042
84213
84257
84298
84442
84734
84736
84878
84918
85069
85081
85227
85315
85586
85627
85756
85921
85923
85940
86049
86168
86387
86479
86496
86502
86588
86625
86627
86665
86855
86876
86893
86957
86985
86997
87099
87124
87214
87293
87416
87630
87656
87692
87703
87729
88047
88270
88295
88321
88351
88411
88709
88833
88840
88857
88937
88948
88995
89058
89105
89115
89149
89299
89392
89423
89478
89496
89503
90173
90182
90499
90561
90614
90942
90987
91047
91195
91212
91282
91354
91684
91762
91814
91968
92137
92262
92295
92365
92475
92489
92509
92670
92779
92866
92881
92908
93024
93117
93151
93230
93361
93377
93446
93575
93720
93731
93902
94147
94228
94239
94352
94367
94440
94594
94750
94922
95111
95222
95389
95394
95716
95731
95750
95848
95949
96058
96150
96226
96267
96712
96799
96900
96941
96983
97051
97059
97205
97222
97284
97322
97350
97414
97469
97848
97878
98374
98377
98700
98756
98805
98908
99069
99073
99161
99277
99316
99334
99367
99388
99392
99771
99812
99827
99867
99913
100161
100188
100189
100322
100358
100408
100428
100461
100505
100884
101125
101210
101234
101254
101354
101483
101525
101547
101662
101673
101759
101899
102016
102040
102127
102230
102311
102584
102924
103096
103123
103126
103420
103480
103502
103573
103635
103647
103694
103918
103930
103994
104121
104267
104404
104423
104490
104498
104700
105207
105294
105389
105440
105583
105714
105774
105816
106045
106078
106181
106249
106352
106728
106799
106873
106928
106972
107057
107195
107252
107418
107460
107475
107517
107528
107713
107831
107904
108010
108134
108291
108419
108424
108466
108761
108834
108854
109039
109065
109072
109131
109212
109236
109279
109307
109348
109424
109459
109616
109824
109941
110040
110062
110249
110485
110583
110807
110819
110823
110824
110866
110896
111146
111208
111209
111598
111606
111674
111762
111888
111954
112037
112085
112247
112333
112373
112386
112390
112424
112557
112931
112985
113016
113131
113137
113151
113154
113210
113317
113529
113557
113694
113887
113913
114061
114062
114133
114372
114437
114451
114765
114815
114831
115004
115007
115016
115016
115168
115188
115198
115305
115352
115406
115511
115619
115622
115751
115818
115825
115926
116040
116048
116079
116354
116439
116455
116485
116508
116532
116623
116709
117023
117026
117098
117132
117216
117385
117837
117891
118072
118351
118353
118369
118601
118696
118707
118762
119001
119023
119219
119313
119317
119512
119521
119661
119760
119798
120087
120109
120235
120290
120294
120333
120374
120589
121124
121159
121302
121358
121576
121757
121834
122165
122218
122396
122675
122739
122819
123059
123261
123271
123538
123553
123591
123715
123774
123826
123996
124058
124205
124319
124569
124634
124699
124747
124807
124807
124814
124828
124832
124882
124914
125002
125110
125294
125334
125341
125388
125389
125621
125668
125672
125701
125769
126110
126207
126249
126523
126545
126672
126739
126834
126988
127003
127108
127145
127476
127569
127875
127918
127977
128438
128539
128824
129204
129216
129366
129555
129842
129860
129872
129893
129906
129946
130205
130264
130288
130378
130592
130661
130736
130983
131095
131187
131294
131383
131480
131641
131721
131775
132150
132164
132313
132347
132390
132441
132574
132659
132783
132903
133061
133126
133149
133189
133411
133430
133466
133505
133579
133587
133780
133868
134123
134348
134374
134396
134810
134942
134978
135009
135102
135132
135180
135226
135297
135528
135764
135794
135880
136077
136157
136283
136295
136306
136339
136353
136376
136552
136622
136653
136782
136872
137232
137288
137388
137526
137597
137663
137689
137692
137875
138044
138186
138288
138445
138532
138609
138653
138727
138789
138932
139417
139452
139460
139656
139680
139734
139983
140139
140188
140203
140286
140325
140331
140337
140542
140580
140713
140982
141183
141227
141269
141300
141337
141469
141495
141507
141896
141961
142100
142355
142487
142668
142669
142761
142804
142924
143016
143044
143068
143275
143292
143795
143895
144084
144218
144281
144454
144527
144553
144557
144590
144608
144655
144744
144774
144854
145006
145019
145032
145117
145247
145284
145520
145544
145874
145915
145930
145947
146112
146183
146255
146279
146405
146669
146706
146814
146826
146836
146953
146963
146984
147029
147206
147427
147490
147553
147593
147595
147600
147718
147868
148051
148055
148247
148262
148578
148587
148716
148868
148922
149022
149067
149135
149146
149248
149328
149371
149453
149563
149726
149748
149761
149822
149985
150234
150330
150450
150511
150775
150791
150914
150932
150944
151009
151030
151104
151262
151282
151291
151314
151324
151413
151710
151780
151807
151846
152084
152097
152122
152158
152193
152194
152220
152285
152349
152454
152479
152565
152565
152599
152658
152749
152898
152970
153059
153081
153159
153246
153306
153308
153433
153439
153488
153528
153824
153949
154025
154043
154175
154286
154296
154923
154985
155034
155084
155167
155248
155302
155350
155393
155567
156191
156373
156474
156485
156533
156623
156719
156812
156841
157203
157437
157587
157649
157803
157923
158027
158243
158330
158432
158461
158524
158821
158850
158864
158899
158946
159116
159153
159160
159189
159436
159466
159531
159545
159949
160000
160027
160366
160685
160967
160977
161015
161062
161087
161101
161122
161183
161308
161416
161562
161608
161754
161891
161991
162004
162044
162176
162292
162305
162323
162419
162918
163001
163007
163320
163530
163855
163879
164374
164385
164604
164697
164760
164824
164825
165045
165483
165497
165652
165907
166061
166114
166121
166144
166193
166250
166423
166469
166500
166557
166570
166716
166725
166727
166810
166949
167021
167099
167179
167289
167409
167642
167646
167784
168108
168117
168170
168369
168505
169072
169159
169480
169673
169677
169739
169746
169841
170144
170160
170168
170193
170230
170394
170433
170444
170566
170665
170799
170869
171185
171219
171344
171412
171460
171825
172011
172089
172101
172122
172325
172492
172493
172546
172612
172700
172727
172788
172951
172969
173051
173055
173129
173269
173344
173429
173430
173447
173496
173555
173563
173679
173730
173772
173794
173827
173901
174138
174247
174264
174274
174422
174426
174506
174518
174541
174547
175011
175292
175319
175329
175393
175549
175605
176073
176089
176298
176302
176424
176741
176873
176907
176973
177021
177280
177410
177521
177782
178060
178122
178239
178375
178568
178783
178897
179267
179363
179413
179465
179584
179603
179942
180066
180068
180084
180129
180338
180403
180435
180490
180561
180673
180710
180798
180843
180845
180860
180914
181025
181073
181366
181470
181562
181582
181740
181807
181843
182210
182231
182382
182402
182509
182558
182660
182708
183060
183118
183164
183197
183243
183508
183724
183834
184011
184027
184076
184260
184465
184545
184728
184860
184981
185178
185434
185642
185701
185793
185817
185821
185839
185845
185882
185971
185985
186094
186168
186255
186389
186530
186598
186651
186670
186729
186763
186763
186864
186930
187009
187219
187283
187413
187486
187491
187532
187542
187631
187672
187859
188007
188088
188207
188285
188430
188814
188851
188951
188954
189053
189114
189205
189217
189314
189384
189399
189482
189510
189564
189575
189840
189939
189991
190565
190565
190632
190634
190663
190707
190799
190941
191000
191007
191064
191159
191342
191521
191631
191650
191826
191899
192184
192231
192231
192553
192817
193234
193290
193301
193304
193532
193585
193610
193740
193762
193765
193929
193956
194101
194149
194189
194197
194226
194460
194497
194499
194530
194615
194643
194719
194917
194981
195258
195478
195550
195557
195624
195709
195775
195998
196271
196339
196350
196489
196692
196698
196708
196849
196891
196956
196992
197030
197081
197096
197107
197136
197166
197295
197358
197430
197482
197510
197569
197638
197742
197762
197924
197957
198113
198613
199073
199081
199197
199205
199403
199414
199604
199716
199719
199798
199836
199975
200005
200247
200289
200361
200513
200606
200690
200757
200974
201084
201541
201610
201675
201724
201785
201829
202019
202192
202201
202409
202424
202522
202752
202780
202787
202789
202806
202900
202917
202939
203116
203117
203154
203248
203255
203325
203415
203446
203534
203543
203574
203634
203755
203867
203929
203933
204018
204064
204178
204198
204280
204352
204392
204764
205117
205246
205266
205802
205890
206199
206391
206757
206848
206911
206945
207119
207133
207469
207494
207515
207862
207968
208082
208497
208686
208720
208867
208989
209248
209508
209655
210024
210255
210689
210774
210857
210907
211085
211286
211415
211498
211580
211617
211664
211797
211854
211877
212041
212602
212667
212890
212940
212943
212946
213001
213043
213118
213169
213185
213231
213733
213779
213940
214249
214361
214385
214565
214767
214908
214941
215058
215100
215300
215398
215822
216050
216052
216350
216438
216461
216537
216549
217171
217173
217249
217286
217483
217523
217530
217546
217568
217624
217718
217991
218088
218583
218604
218675
218905
218977
219060
219174
219289
219361
219381
219429
219540
219544
219578
219613
219671
219680
219728
219728
219927
219943
220007
220083
220262
220294
220391
220427
220568
220606
220650
220675
220681
220727
220827
220837
220935
220999
221032
221156
221333
221539
221686
221908
222325
222436
222447
222566
222601
222726
222856
223016
223047
223154
223158
223211
223227
223276
223289
223415
223511
223653
223679
223715
224006
224048
224127
224318
224349
224403
224417
224454
224454
224497
224607
224636
224644
225216
225263
225290
225399
225399
225580
225795
225862
225976
226024
226055
226093
226168
226213
226300
226388
226391
226600
226656
226723
226822
226861
227269
227463
227497
227591
227621
227627
227791
227820
227960
228293
228455
228534
228721
228938
228968
229028
229181
229223
229297
229325
229414
229524
229537
229541
229751
229857
229914
229942
229980
230041
230139
230301
230431
230641
230726
230870
230977
231148
231192
231207
231214
231293
231322
231323
231416
231446
231555
231605
231648
231735
231851
232013
232177
232275
232301
232471
232480
232613
232627
232631
232702
233181
233200
233746
233801
233915
233917
233944
234014
234082
234266
234292
234300
234467
234672
234770
234821
234839
234973
234987
235052
235190
235472
235503
235584
235782
235812
235848
235857
235859
235871
235879
235960
235989
236005
236060
236073
236095
236157
236271
236285
236292
236523
236528
236575
236691
236963
237014
237029
237081
237095
237484
237664
237710
237886
237981
237998
238079
238323
238460
238532
238570
238688
238748
239419
239480
239532
239543
239561
239571
239607
239620
239717
239754
239865
239910
239914
239970
240087
240162
240292
240459
240645
240683
240756
241123
241128
241237
241384
241406
241421
241495
241714
241750
241856
241895
241999
242011
242164
242219
242228
242244
242247
242266
242421
242438
242467
242576
242718
242730
242793
242922
242975
243304
243314
243315
243396
243400
243456
243566
243766
243889
243976
243992
244117
244167
244311
244377
244689
244736
244790
244856
244954
245165
245168
245190
245253
245383
245398
245662
245723
245874
245936
245962
246071
246124
246143
246159
246252
246404
246695
246697
246900
246906
246940
246970
247106
247673
247711
247740
247909
247947
247993
248059
248069
248081
248251
248270
248520
248565
248626
248822
248898
248953
248959
249277
249321
249472
249578
249847
249858
249921
249942
249963
249995
250134
250162
250756
250806
250912
251108
251165
251377
251504
251534
251627
251654
251656
251660
251816
251883
252168
252227
252309
252542
252577
252685
252747
252766
252794
252876
252948
253080
253131
253148
253504
253609
253753
253776
253802
253895
253933
254181
254220
254265
254278
254343
254488
254510
254556
254653
254781
254918
254944
254962
254971
254972
255103
255143
255155
255166
255230
255232
255298
255315
255406
255500
255726
255734
255751
255808
255994
256121
256181
256256
256340
256427
256538
256543
256602
256625
257130
257304
257311
257318
257382
257686
257695
257779
257940
257943
258075
258210
258309
258433
258482
258506
258531
258582
258638
258733
258759
259026
259326
259329
259401
259414
259450
259492
259620
259716
259975
260062
260163
260191
260286
260332
260400
260477
260550
260609
260735
260905
261092
261106
261112
261200
261243
261601
261653
261655
261699
261802
261875
261962
262095
262382
262494
262517
262591
262624
262637
262791
262831
262950
263335
263347
263432
263554
263662
263672
263778
263812
263886
264048
264138
264165
264348
264484
264486
264646
264674
264684
264790
265089
265158
265229
265300
265344
265444
265521
265807
265841
265946
266056
266169
266257
266260
266303
266327
266345
266487
266557
266586
266648
266825
266847
266866
267193
267246
267304
267440
267641
267782
268081
268107
268124
268194
268355
268362
268843
268904
269127
269177
269213
269334
269370
269436
269489
269497
269593
269606
269624
269678
269697
269768
269868
269942
269970
269998
270008
270084
270539
270540
270733
270762
270906
271048
271103
271113
271187
271201
271216
271413
271428
271600
271647
271856
271866
271907
272161
272238
272269
272402
272439
272473
272555
272915
273007
273042
273075
273097
273169
273195
273249
273306
273515
273689
273840
273887
274014
274106
274112
274176
274504
274582
274936
275123
275188
275250
275268
275271
275372
275450
275487
275550
275607
275800
275815
275832
276029
276137
276152
276189
276342
276660
276744
276754
276798
276849
276879
276962
277543
277681
277862
277964
278384
278402
278654
278768
278839
278930
278934
279056
279068
279255
279307
279318
279334
279359
279539
279549
279599
279726
279755
279828
279847
279993
280030
280100
280182
280247
280388
280731
280820
280851
280864
281006
281060
281301
281306
281335
281494
281580
281698
281735
281768
281930
281995
282314
282462
282617
282713
282772
282819
282914
283125
283176
283182
283225
283249
283306
283337
283416
283466
283478
283481
283484
283708
283781
283815
284298
284328
284395
284423
284481
284568
284628
284646
284667
284700
284716
284720
284775
284910
285044
285100
285197
285380
285579
285845
285854
285916
286012
286240
286426
286598
286764
287045
287129
287158
287255
287269
287331
287334
287435
287518
287675
287893
287911
288128
288158
288647
288731
288742
288762
288789
288920
289289
289567
289675
289741
289947
290199
290212
290222
290390
290398
290423
290619
290740
290825
290946
291026
291106
291107
291530
291612
291657
291832
291875
291935
292071
292213
292219
292279
292298
292363
292375
292538
292633
292729
292731
292769
292840
292990
293020
293207
293441
293493
293661
293726
293736
293787
293922
293985
294049
294139
294248
294264
294516
294896
295141
295154
295161
295241
295359
295414
295423
295523
295540
295766
295783
295893
295913
295918
296096
296276
296331
296348
296379
296461
296639
296659
296693
296767
296811
296826
296838
296948
296960
297098
297332
297486
297529
297570
297577
297631
297774
297898
297913
298053
298183
298501
298604
298611
298630
298888
299070
299195
299250
299350
299361
300031
300309
300342
300460
300472
300528
300649
300822
300834
300907
300962
301070
301223
301349
301391
301982
301998
302129
302175
302242
302279
302315
302754
302765
302799
302905
302930
302982
303107
303279
303453
303515
303557
303643
303881
303884
303983
304301
304349
304380
304473
304515
304556
304579
304604
304632
304660
304920
304969
305003
305029
305041
305102
305129
305298
305368
305384
305839
305843
305969
306084
306305
306389
306416
306563
306625
306660
306695
306767
307223
307227
307376
307502
307890
307979
308005
308080
308143
308199
308398
308428
308535
308539
308544
308663
308675
308699
308873
308910
309261
309381
309401
309474
309689
309824
309837
309937
310178
310181
310339
310661
310715
310775
310775
310865
310992
311018
311167
311232
311323
311358
311553
311681
311692
312007
312051
312124
312253
312342
312352
312367
312463
312696
312700
312816
312824
312985
313137
313213
313496
313758
313957
314242
314324
314364
314446
314551
314675
314722
314745
314816
314827
314989
315079
315353
315657
315664
315667
316054
316088
316240
316357
316365
316457
316539
316544
316749
316776
316887
316971
316994
317095
317097
317117
317270
317321
317427
317629
317799
317861
318014
318089
318157
318285
318351
318429
318508
318516
318550
318583
318733
318855
318935
318990
319032
319059
319286
319336
319377
319638
320346
320405
320626
320695
320995
321037
321037
321190
321196
321300
321374
321422
321441
321491
321665
321889
321910
321953
322063
322205
322272
322360
322433
322449
322615
322677
322777
322899
322921
323008
323178
323179
323674
324003
324091
324153
324172
324198
324203
324331
324459
324678
324690
324896
325009
325045
325068
325126
325172
325423
325649
325959
325972
325998
326160
326194
326197
326198
326405
326560
326684
326689
326699
326701
326709
326919
327017
327308
327366
327578
327618
327690
328057
328185
328261
328372
328505
328537
329157
329236
329305
329320
329525
329697
329842
329855
329956
330412
330489
330600
330653
330670
330739
330748
330929
330940
330983
331018
331028
331073
331098
331108
331597
331845
331938
331968
332107
332172
332212
332220
332222
332392
332441
332555
332563
332864
332902
333027
333146
333426
333455
333459
333479
333497
333520
333653
333679
333686
333802
334098
334111
334113
334202
334413
334487
334711
335295
335371
335453
335461
335479
335543
335589
335912
335930
336163
336292
336366
336540
336614
336655
336801
336910
336931
337136
337517
337565
337573
337580
337613
337642
337793
337878
337928
338320
338485
338494
338580
338760
338956
339045
339121
339479
339537
339559
339871
340018
340044
340062
340085
340175
340516
340521
340720
340903
341076
341138
341175
341206
341323
341336
341358
341426
341478
341493
341538
341670
341750
342042
342160
342265
342557
342612
342614
342827
343067
343124
343160
343268
343304
343304
343397
343409
343537
343585
343976
344024
344164
344185
344255
344358
344408
344485
344514
344591
344657
344739
344917
344985
345064
345242
345288
345292
345351
345424
345531
345589
345639
345829
346008
346046
346079
346588
346640
346658
346737
346761
346768
346890
346988
347043
347200
347250
347258
347327
347559
347607
347684
347719
347742
347800
347852
347915
347930
348046
348373
348521
348536
348554
348584
348612
348728
348751
348884
348973
348984
349198
349238
349470
349590
349673
349696
349746
349748
349863
350502
350652
350668
350845
350847
350864
350989
351023
351373
351395
351434
351435
351602
351677
351678
352129
352385
352431
352432
352489
352549
352581
352615
352637
352827
352843
352872
352907
352960
353136
353221
353249
353313
353583
353583
353715
353788
353800
353828
353834
353977
354014
354037
354170
354177
354335
354418
354420
354543
354766
354799
354834
354978
355030
355354
355471
355569
355619
355728
355762
355787
355894
355956
356087
356219
356285
356340
356483
356510
356638
356665
356740
356800
356894
357161
357172
357284
357291
357400
357464
357710
357746
357747
357879
357958
357991
358199
358209
358210
358241
358259
358342
358462
358528
358718
358722
358788
358792
358806
358823
358879
358934
358999
359159
359265
359279
359344
359355
359649
359785
359839
359923
360212
360213
360542
360549
360630
360650
360990
361124
361195
361277
361418
361427
361541
361757
361764
361796
361885
362368
362437
362464
362626
362749
362760
362872
363003
363112
363132
363135
363252
363589
364041
364043
364138
364186
364227
364280
364304
364340
364403
364499
364540
364546
364714
364740
364825
364959
364963
364970
365080
365291
365538
365570
365732
365733
365779
365822
365837
365841
365885
365950
365962
366088
366103
366352
366432
366497
366669
366748
366797
366886
367016
367062
367120
367160
367284
367300
367308
367522
367818
367832
367921
367951
368306
368357
368406
368451
368609
368758
368912
369165
369202
369221
369268
369509
369569
369592
369666
369705
369883
369950
370068
370080
370287
370362
370664
370847
371028
371058
371149
371266
371352
371396
371408
371481
371612
371641
371717
371919
372028
372046
372062
372110
372194
372454
372608
372643
372695
372924
373221
373278
373316
373342
373463
373645
373868
373921
374082
374093
374189
374202
374273
374459
374515
374593
374756
374901
375279
375280
375453
375623
375643
375709
375754
375896
376075
376088
376133
376369
376407
376439
376529
376680
376735
376751
377150
377395
377400
377425
377429
377463
377521
377612
377620
377637
377657
377815
377932
377940
378097
378152
378185
378230
378270
378474
378516
378542
378702
378736
378806
379042
379258
379341
379428
379508
379521
379535
379550
379595
379631
379803
379868
379987
380082
380243
380277
380331
380386
380494
380499
380662
380704
380905
381002
381063
381198
381302
381308
381491
381525
381560
381562
381613
381645
381860
381915
381981
382086
382090
382247
382390
382544
382552
382598
382643
382687
382775
382820
382899
383011
383120
383210
383458
383643
383653
383818
383819
384006
384018
384066
384069
384159
384200
384382
384756
384839
384856
384899
384950
384961
385174
385177
385243
385277
385313
385424
385623
385674
385693
385787
385790
385877
385995
386015
386109
386196
386233
386294
386478
386543
386570
386686
386967
387205
387408
387463
387570
387742
387802
387864
387919
388002
388116
388213
388332
388432
388438
388643
388695
388744
388756
388767
388823
388893
388906
389137
389267
389321
389370
389471
389709
390110
390337
390624
390729
390734
390804
390830
390886
390923
391002
391016
391087
391187
391214
391460
391771
392016
392038
392072
392073
392293
392378
392451
392478
392498
392571
392602
392750
392836
393159
393212
393298
393445
393478
393581
393603
393696
393919
394047
394150
394180
394208
394579
394610
394819
394858
395064
395090
395100
395143
395253
395343
395349
395525
395565
395649
395689
395744
395872
395934
396065
396092
396117
396222
396366
396416
396462
396471
396615
396633
396737
396893
396906
397001
397016
397279
397303
397344
397418
397481
397490
397628
397704
397706
397875
397946
397951
397976
398010
398113
398319
398327
398587
398619
398626
398848
398957
398966
398982
399071
399186
399455
399526
399712
400253
400269
400297
400414
400738
400779
400894
400975
400994
401126
401169
401302
401414
401802
401921
402138
402196
402258
402361
402436
402582
402692
402980
403121
403156
403179
403220
403240
403307
403322
403468
403509
403602
403735
403815
403824
403848
403947
403961
403998
404059
404174
404218
404219
404256
404306
404319
404343
404431
404483
404601
404887
404961
405026
405064
405167
405196
405228
405239
405278
405328
405353
405361
405432
405452
405591
405766
405805
405882
405977
406033
406092
406093
406157
406159
406305
406383
406488
406566
406775
406814
406826
406847
406862
406889
406912
406975
407059
407069
407135
407159
407168
407179
407264
407523
407563
407678
407692
407882
408121
408181
408326
408358
408463
408496
408624
408818
408984
409164
409212
409226
409330
409394
409419
409486
409599
409620
409657
410296
410347
410404
410582
410669
410703
410716
410723
410777
410823
410966
411008
411030
411046
411110
411118
411162
411196
411212
411338
411529
411561
411597
411718
411836
412018
412044
412083
412086
412118
412226
412253
412363
412549
412638
412653
412676
412819
412840
413138
413239
413417
413420
413482
413543
413567
413582
413612
413892
413972
414047
414110
414245
414249
414293
414430
414540
414552
414669
414716
414811
414821
415096
415117
415169
415216
415369
415377
415389
415467
415554
415722
415730
415750
415762
415887
415900
415951
416137
416207
416335
416457
416693
416722
416831
416885
416936
417011
417258
417607
417640
417735
418007
418293
418362
418380
418524
418576
418652
418705
418955
419013
419068
419199
419294
419335
419395
419403
419459
419603
419687
419999
420177
420424
420508
420966
421047
421077
421085
421086
421309
421491
421700
421861
421977
422013
422056
422156
422254
422331
422383
422471
422560
422576
422660
422667
422696
422984
423281
423486
423639
423642
423851
424016
424433
424818
424873
424937
425329
425379
425380
425544
425651
426059
426097
426117
426270
426270
426453
426464
426687
426870
426877
426927
426963
427044
427127
427162
427195
427267
427424
427448
427713
427787
427811
427989
428013
428106
428108
428221
428257
428286
428516
428786
428909
429019
429027
429075
429180
429386
429408
429668
429877
430081
430109
430168
430208
430297
430361
430484
430625
430633
430745
430851
431015
431107
431424
431524
431589
431590
431613
431621
431843
431929
432227
432267
432397
432398
432417
432489
432671
432878
433028
433149
433169
433597
433703
433716
433846
433847
433879
434027
434047
434199
434513
434879
434899
435229
435229
435410
435482
435634
435984
436280
436332
436479
436836
436905
436934
437002
437136
437343
437377
437471
437541
437575
437575
437849
437881
437938
438108
438234
438282
438347
438418
438477
438538
438729
438744
438839
439138
439191
439430
439465
439468
439533
439587
439693
439895
439945
440079
440242
440391
440441
440567
440634
440726
440770
440859
441306
441351
441384
441567
441627
441682
441739
441749
441793
441806
441979
442012
442035
442124
442255
442535
442573
442635
442758
442817
442818
442885
443003
443147
443544
443550
443596
443664
443758
443914
444017
444020
444077
444247
444253
444326
444363
444492
444591
444597
444640
444715
444755
444921
444933
445008
445184
445207
445277
445286
445387
445393
445484
445675
445811
445913
446060
446104
446162
446315
446394
446790
446819
446877
446929
446943
447176
447269
447365
447619
447779
447793
447797
447873
447908
447954
448016
448180
448287
448306
448539
448541
448673
448861
448910
449078
449138
449147
449199
449202
449281
449309
449395
449703
449965
450061
450144
450203
450206
450383
450423
450443
450499
450524
450580
450612
450732
450769
450924
451162
451251
451363
451495
451658
451748
451786
451808
451857
451885
451911
451960
452014
452202
452219
452499
452842
452875
452995
453047
453120
453238
453258
453261
453270
453288
453362
453600
453666
453916
453921
454188
454417
454435
454669
454790
454805
454806
454837
454981
455013
455277
455286
455315
455406
455422
455455
455555
455629
455788
455862
455880
455966
456244
456390
456839
456925
457003
457132
457147
457163
457170
457201
457232
457247
457279
457307
457379
457532
457566
457718
457722
457782
457798
457993
458209
458499
458501
458562
458638
458709
459124
459156
459245
459248
459299
459570
459573
459601
459614
459689
459787
459911
460245
460303
460345
460374
460637
460714
460720
460767
460778
460869
460930
461004
461165
461360
461449
461634
461925
462031
462228
462228
462244
462291
462302
462709
462796
462937
463049
463080
463137
463142
463150
463332
463390
463404
463429
463592
463593
463642
463730
463776
463853
464020
464081
464140
464190
464214
464366
464501
464612
464636
464823
464844
464877
465036
465046
465086
465178
465359
465412
465571
466042
466056
466135
466341
466376
466405
466485
466586
466704
467077
467149
467156
467345
467553
467748
467816
467872
467930
468018
468134
468158
468285
468319
468475
468489
468677
468720
468751
468810
468896
469046
469117
469182
469276
469283
469591
469898
469929
469962
470007
470201
470279
470467
470772
470844
470909
471085
471142
471179
471305
471320
471328
471423
471479
471516
471707
471763
471840
471984
472303
472383
472473
472547
473126
473188
473217
473251
473305
473497
473539
473604
473639
474044
474165
474222
474224
474264
474399
475012
475050
475308
475323
475465
475722
475735
475795
475801
475899
475904
476080
476123
476215
476291
476335
476561
476562
476589
476604
476819
476826
476972
477034
477126
477243
477291
477357
477541
477556
477703
477715
477744
477745
477828
477864
477892
477904
477916
478060
478181
478308
478316
478323
478336
478371
478410
478460
478461
478526
478904
479100
479212
479234
479288
479318
479358
479399
479512
479581
479900
479964
479972
480005
480156
480314
480479
480528
480561
480690
480702
480706
480819
480898
480970
481051
481149
481327
481464
481523
481546
481568
481575
481585
481641
481683
481701
481782
481839
481967
482108
482198
482208
482216
482278
482401
482502
482570
482670
482677
482768
482769
482878
483066
483236
483282
483383
483430
483480
483518
483813
483832
483937
483946
484050
484163
484248
484349
484410
484516
484669
484802
484867
485090
485118
485332
485361
485486
485535
485550
485778
485844
486039
486047
486133
486154
486160
486182
486198
486249
486349
486374
486460
486823
486865
486900
487016
487030
487101
487246
487286
487400
487428
487520
487535
487543
487597
487810
487886
487928
487930
487975
488143
488342
488461
488604
488792
488802
488872
488979
489029
489141
489227
489243
489369
489437
489602
489782
489964
490095
490134
490183
490305
490921
491043
491080
491082
491109
491169
491276
491352
491595
491658
491709
491727
491746
491817
491899
491912
492195
492214
492578
492688
492755
492894
492937
493038
493132
493253
493285
493450
493495
493590
493824
493857
493860
493952
494096
494163
494340
494353
494373
494398
494433
494449
494589
494729
494747
494751
494767
494811
494943
495132
495194
495304
495313
495598
495613
495624
495878
496049
496052
496075
496125
496297
496351
496469
496799
497100
497370
497435
497458
497619
497619
497717
497790
497933
497944
497969
498225
498244
498273
498284
498291
498549
498605
498654
498784
498950
499020
499124
499198
499220
499229
499240
499393
499395
499450
499780
499869
500006
500539
500609
500900
501179
501258
501334
501361
501447
501458
501490
501609
501775
501814
502175
502556
502586
502613
502669
502718
502828
502915
502916
502920
502959
503355
503546
503665
503676
503855
503868
503967
504056
504081
504204
504260
504266
504451
504601
504697
504702
504840
504877
504881
504983
504989
505003
505087
505105
505219
505256
505270
505332
505344
505382
505442
505450
505566
505570
505622
505679
505723
506019
506038
506183
506201
506346
506421
506430
506666
506820
507125
507212
507283
507366
507416
507574
507609
507661
507670
507892
508159
508162
508196
508469
508526
508678
508681
508733
508755
508760
508877
509033
509041
509056
509067
509223
509267
509566
509600
509638
509657
509676
509737
509863
510066
510721
510931
510935
510950
511078
511195
511318
511506
511623
511705
511792
511915
511983
512024
512056
512099
512162
512297
512431
512884
513001
513205
513589
513648
513692
513751
513789
513910
514036
514146
514154
514416
514794
514803
514915
515033
515093
515173
515196
515202
515306
515325
515375
515390
515430
515774
515828
515934
516179
516217
516429
516440
516453
516501
516535
516544
516571
516581
516582
516662
516674
516817
516835
516913
516983
517002
517019
517146
517301
517313
517330
517564
517758
517781
517992
518024
518318
518326
518362
518669
518746
518757
518861
519080
519182
519208
519341
519380
519381
519394
519823
519970
519988
520022
520039
520125
520166
520275
520295
520412
520446
520716
520721
520736
520753
520817
520820
520909
521025
521031
521620
521625
521740
521913
522028
522047
522191
522375
522397
522511
522579
522625
522767
522978
522978
522991
523147
523197
523267
523290
523332
523401
523718
523750
523863
523955
523966
524077
524103
524117
524272
524332
524362
524499
524521
524662
524789
525449
525524
525541
525703
525768
525990
526083
526209
526233
526388
526480
526505
527089
527404
527559
527765
527778
527978
528006
528326
528445
528552
528609
528641
528644
528695
528705
528790
528937
528952
529348
529436
529445
529524
529570
529786
529928
529987
530063
530069
530115
530152
530152
530226
530250
530284
530321
530326
530487
530570
530658
530747
530845
530900
530969
531007
531105
531109
531204
531209
531378
531516
531566
531669
531744
531758
531775
531831
531890
531999
532041
532228
532279
532441
532571
532578
532649
532678
532706
532887
532904
534046
534142
534298
534571
534709
534712
534827
535116
535137
535179
535285
535431
535721
535782
536010
536054
536071
536122
536141
536450
536509
536556
536594
536623
536700
536867
536974
537022
537096
537310
537353
537353
537398
537596
537608
537798
537817
538006
538031
538046
538051
538226
538261
538277
538292
538412
538754
538770
538775
538844
538852
538964
539009
539072
539390
539399
539487
539563
539576
539694
540001
540012
540071
540443
540513
540595
540678
540933
540933
541318
541341
541411
541469
541490
541562
541636
541647
541789
541803
541881
542199
542265
542375
542431
542478
542672
542754
542773
542986
543043
543492
543612
543709
543848
544008
544039
544119
544175
544296
544379
544637
544672
544676
544689
544762
544768
544803
544846
544987
545107
545191
545212
545212
545622
545829
545865
545937
545989
546370
546476
546687
546726
546793
546960
547046
547411
547447
547458
547513
547569
547629
547632
547790
548002
548128
548148
548195
548455
548703
548832
548908
549080
549125
549570
549615
549670
549726
549794
550045
550312
550380
550413
550900
551188
551195
551304
551312
551359
551446
551617
551726
551738
551779
551861
552108
552120
552171
552204
552277
552290
552462
552921
552944
552985
553017
553167
553193
553226
553362
553425
553671
553764
553968
553980
554241
554256
554261
554536
554755
554783
554956
555014
555096
555200
555349
555474
555495
555522
555543
555744
555766
556137
556182
556218
556237
556255
556299
556322
556326
556561
556805
556844
556956
556978
556992
557037
557106
557139
557207
557274
557321
557386
557389
557397
557407
557435
557594
557619
557761
557877
557885
557904
557929
558037
558056
558070
558159
558281
558319
558323
558368
558378
558418
558423
558437
558489
558704
558893
558905
558972
559095
559131
559243
559464
559472
559485
559504
559598
559639
559718
559754
559865
559887
560038
560083
560191
560436
560553
560804
560960
560994
561329
561362
561523
561610
561985
562114
562132
562286
562301
562361
562411
562454
562735
562760
562844
563076
563185
563186
563347
563358
563371
563392
563493
563499
563508
563518
563683
563812
563858
563872
563882
564060
564087
564135
564257
564449
564471
564486
564514
564589
564633
564696
564735
564745
564781
564799
565057
565180
565252
565335
565356
565459
565464
565515
565749
565775
565831
565962
565964
565992
566144
566293
566365
566402
566638
566739
566795
566830
566913
567013
567079
567169
567266
567431
567558
567670
567682
567729
567762
567773
567797
568003
568139
568183
568186
568225
568439
568443
568447
568506
568510
568519
568835
568901
569024
569059
569265
569328
569461
569544
569685
569767
569897
569923
570204
570268
570532
570600
570648
570781
570815
571002
571120
571180
571186
571518
571523
571734
571734
571899
571910
572069
572128
572273
572443
572507
572557
572591
572637
572637
572661
572704
572725
572746
573007
573176
573245
573302
573333
573437
573515
573544
573636
573723
573759
573808
573913
573924
574031
574163
574166
574577
574592
574819
574917
575033
575116
575132
575158
575472
575482
575727
575773
575961
576018
576019
576107
576124
576181
576185
576783
576796
576883
577033
577049
577223
577254
577536
577649
577694
577716
577767
577776
577792
577823
577823
577831
578507
578771
578817
578882
579021
579319
579401
579492
579611
579688
579804
580004
580304
580549
580561
580563
580614
580822
581258
581600
581610
581929
581993
582068
582088
582114
582334
582379
582411
582451
582555
582615
582666
582720
582769
582986
583347
583369
583487
583557
583599
583851
584227
584478
584539
584614
584978
585069
585192
585241
585283
585323
585356
585442
585445
585565
585912
586143
586320
586485
586830
586856
586940
586955
586968
587042
587208
587249
587253
587286
587501
587511
587644
587748
587762
587813
587818
587835
588012
588047
588090
588138
588419
588536
588653
588791
588929
589004
589046
589077
589193
589267
589529
589730
589757
589760
589814
589828
590057
590078
590206
590341
590357
590397
590596
590638
590781
591556
591563
591625
591657
592039
592115
592125
592139
592146
592382
592385
592420
592607
592670
592745
593057
593059
593443
593590
593730
593732
593825
593828
593873
593969
593989
594160
594163
594166
594192
594378
594454
594458
594477
594508
594641
594647
594692
594712
594783
594874
594999
595139
595157
595502
596010
596012
596028
596075
596456
596481
596520
596616
596648
596704
596719
596852
597015
597017
597310
597433
597442
597449
597658
597665
597837
597866
597955
598062
598074
598280
598350
598378
598459
598774
598790
598856
598915
598964
598979
598997
599143
599250
599345
599378
599407
599938
600231
600378
600493
600779
600811
600859
600903
601071
601181
601296
601390
601484
601510
601537
601553
601589
601884
602073
602075
602130
602306
602591
602643
602667
602739
602813
602842
602849
602868
602992
603017
603051
603121
603230
603560
603680
604006
604025
604072
604073
604173
604225
604245
604322
604345
604410
604502
604947
604957
604967
605078
605123
605155
605177
605232
605320
605523
605795
605882
605918
605976
605993
606242
606341
606349
606364
606387
606753
606761
606816
606862
606866
606933
606989
607174
607304
607403
607551
607589
608001
608127
608287
608484
608488
608818
608921
609136
609193
609247
609543
609588
609674
609722
609775
609840
609867
609873
610007
610027
610806
610833
610875
611024
611042
611092
611148
611248
611387
611521
611563
611625
611837
611908
611924
611925
612017
612050
612529
612578
612579
612882
612909
613064
613120
613249
613322
613421
613496
613507
613669
613704
613724
613831
614132
614462
614486
614518
614699
614720
614891
615156
615181
615233
615425
615889
615903
616152
616157
616432
616736
616911
617084
617169
617225
617284
617350
617359
617588
617607
617725
617960
618071
618194
618317
618450
618513
618632
618865
619014
619168
619250
619364
619398
619419
619507
619592
619617
619766
619776
619780
619786
619813
620059
620230
620395
620554
620636
620849
620854
620910
621113
621156
621335
621612
621665
621780
621841
622190
622207
622210
622262
622619
622900
622999
623138
623184
623248
623254
623313
623349
623357
623505
623513
623546
623620
623885
624041
624272
624335
624353
624377
624460
624558
624574
624618
624670
624840
625160
625255
625350
625414
625425
625428
625673
625677
625709
625755
625795
625896
625898
625933
625999
626036
626143
626299
626302
626454
626531
626682
626690
626977
627065
627153
627452
627484
627564
627572
627823
627959
628140
628575
628584
628772
628861
628905
629371
629570
629963
630051
630058
630082
630110
630156
630194
630211
630225
630274
630354
630416
630539
630826
630877
630937
631004
631181
631208
631368
631547
631581
631653
631698
631750
631782
631790
631964
632250
632339
632383
632692
632801
632823
632965
633086
633109
633131
633199
633395
633474
633499
633517
633629
633750
633758
634064
634141
634175
634186
634233
634442
634501
634637
634661
634792
634925
634939
634963
634984
635008
635231
635235
635438
635500
635635
635684
635798
635828
635847
636026
636083
636095
636163
636211
636494
636541
636667
636824
636920
637207
637276
637325
637329
637439
637459
637598
637674
637884
637896
637951
638117
638251
638269
638309
638321
638498
638503
638608
638794
638807
638942
639092
639101
639142
639214
639219
639260
639283
639502
639654
639744
639848
639969
640056
640114
640171
640220
640284
640288
640289
640661
640752
640819
641107
641116
641226
641253
641375
641440
641465
641596
641614
641747
641844
641936
642083
642201
642251
642392
642534
642550
642562
642562
642695
642769
642857
643080
643192
643192
643527
643672
643704
643708
643842
644234
644440
644535
644799
644831
644858
645135
645314
645336
645360
645738
645879
646083
646140
646392
646489
646680
646921
647292
647653
647702
647839
647900
647951
648060
648114
648151
648220
648287
648348
648353
648391
648394
648538
648640
648719
648726
648780
649031
649091
649125
649161
649196
649220
649222
649421
649442
649520
649562
649564
649816
649851
649903
650087
650142
650584
650676
650753
650757
650951
651077
651301
651333
651363
651488
651502
651758
651795
651815
651950
652151
652228
652269
652316
652390
652465
652508
652539
653176
653395
653413
653507
653513
653572
653618
653803
653937
654002
654142
654352
655186
655251
655395
655432
655444
655519
655617
655659
655680
655737
656041
656423
656889
657003
657082
657247
657317
657320
657676
657800
657872
658006
658099
658110
658357
658360
658365
658432
658516
658703
658706
658737
658815
658865
658871
658882
658883
658884
658913
658948
659030
659032
659045
659050
659100
659233
659309
659450
659851
659856
659877
659965
660094
660371
660397
660473
660479
660512
660579
660788
660951
660957
660992
661151
661413
661440
661484
661553
661602
661758
661950
661955
661966
662371
662487
662630
662734
662897
662941
662977
663093
663120
663169
663172
663276
663350
663354
663600
663659
663868
663878
663900
663939
663967
664018
664040
664062
664150
664518
664630
664698
664730
664976
665024
665062
665092
665135
665337
665348
665427
665743
665779
666032
666065
666255
666347
666391
666399
666536
666660
666830
667161
667197
667237
667276
667329
667441
667556
667563
667708
667726
667942
668371
668375
668720
668788
668848
668882
668977
669013
669062
669190
669417
669440
669639
669706
669824
669835
670254
670349
670358
670432
670434
670568
670581
670592
670640
670664
670913
670921
670930
670970
671328
671636
671749
671965
672073
672134
672175
672197
672249
672387
672425
672729
672908
672920
673048
673341
673479
673481
673548
673628
673734
673789
673874
674073
674166
674289
674368
674493
674621
674649
675140
675264
675289
675358
675458
675665
675804
675845
676044
676113
676231
676413
676855
676864
677094
677124
677302
677346
677539
677686
677807
677825
677935
678061
678064
678182
678350
678374
678705
678780
679022
679035
679135
679228
679457
679586
679621
679737
679746
679886
679968
680072
680128
680209
680248
680257
680313
680353
680401
680544
680710
680719
680826
680910
680912
680960
681283
681410
681433
681689
681783
681786
681794
681871
681913
682061
682084
682145
682389
682448
682636
682675
682716
682720
682868
682908
682908
682994
683145
683188
683227
683247
683250
683278
683319
683329
683560
683694
683730
683759
683806
683851
683967
684280
684501
684543
684562
684717
684812
684819
684967
685016
685060
685185
685355
685480
685495
685584
685676
685895
685971
686089
686153
686384
686518
686632
686758
687042
687157
687242
687385
687394
687471
687536
687645
687748
687835
687868
687907
688064
688106
688135
688139
688362
688574
688689
688738
688746
688772
688794
689202
689395
689403
689418
689660
689949
690047
690050
690162
690210
690295
690333
690369
690407
690533
690600
690858
690954
691055
691233
691264
691333
691374
691405
691456
691475
691615
691690
691797
691908
691971
691975
692058
692090
692228
692295
692360
692388
692416
692437
692571
692586
692599
692604
692618
692677
692742
692743
692882
692906
693144
693165
693458
693594
693628
693678
693793
693852
693866
693916
693972
694138
694233
694336
694405
694540
694707
694787
694842
694860
694886
695018
695027
695259
695429
695493
695584
695604
695662
695760
695786
695810
695880
695960
696067
696116
696255
696256
696483
696500
696559
696725
696758
696802
696847
696855
696863
696905
696927
697038
697085
697163
697295
697318
697372
697384
697481
697511
697639
697645
697646
697676
697785
697785
697877
697905
697946
697946
698120
698126
698152
698244
698290
698346
698483
698505
698553
698703
698718
698723
698774
698832
699146
699195
699292
699435
699447
699784
699785
700010
700051
700075
700120
700245
700332
700362
700517
700574
700620
700690
700739
700754
700844
700933
701092
701264
701277
701368
701393
701393
701506
701550
701721
701940
702035
702046
702074
702253
702288
702312
702345
702607
702612
702645
702798
702932
703040
703093
703149
703183
703239
703299
703751
703760
703864
704000
704123
704124
704230
704269
704270
704305
704335
704342
704482
704484
704494
704592
704638
704791
704958
705211
705211
705363
705367
705446
705532
706044
706048
706389
706588
706716
706725
706916
706928
706986
707075
707151
707269
707351
707363
707405
707480
707522
707625
707769
707845
707881
707910
707915
707959
708108
708131
708174
708269
708333
708382
708408
708543
708758
708788
708853
708998
709077
709098
709126
709250
709594
709782
709975
710050
710156
710195
710366
710448
710494
710514
710963
710967
710997
711119
711146
711186
711475
711501
711597
711736
711772
711799
711800
711977
712177
712223
712327
712486
712503
712529
712609
712622
712705
712744
712759
712881
712937
712953
713091
713160
713396
713404
713569
713735
713784
713815
713892
713930
713989
713994
714035
714046
714212
714496
714505
714553
714729
714906
714914
715222
715289
715862
715900
716001
716028
716114
716118
716263
716263
716362
716379
716395
716464
716545
716683
716869
716923
716934
717140
717167
717473
717509
717543
717571
717608
717626
717748
717817
717920
718222
718275
718472
718485
718628
718768
718788
718795
718858
718859
718867
718906
718958
718969
718993
719136
719218
719279
719442
719559
719591
719756
719815
719821
719929
720043
720150
720173
720183
720372
720872
721022
721066
721161
721584
721590
721765
721788
721912
721962
722029
722031
722496
722526
722699
722706
722744
722766
722766
722865
722926
722948
722992
723029
723079
723141
723385
723473
723579
723580
723762
723810
723875
723916
723932
724315
724473
724526
724998
725132
725293
725309
725314
725395
725439
725442
725453
725761
725768
725825
725839
725880
725907
725908
726041
726049
726055
726070
726266
726306
726387
726493
726762
726763
727031
727116
727216
727375
727431
727566
727666
727689
727781
727828
727887
727907
727935
727964
728004
728461
728490
728547
728615
728679
728688
728708
728756
728990
729084
729270
729286
729365
729371
729582
729595
729600
729725
729921
730005
730011
730052
730057
730296
730546
730615
730653
730850
730931
731048
731238
731876
731911
731944
732058
732115
732707
732723
732736
732820
733024
733217
733256
733265
733305
733418
733466
733497
733598
733671
733677
733759
734127
734137
734372
734432
734465
734496
734639
734832
734882
734915
735038
735179
735400
735418
735442
735523
735784
735801
735930
735984
736070
736161
736194
736300
736376
736425
736830
736859
736861
736890
736995
737017
737242
737299
737442
737466
737519
737808
737823
737857
738054
738113
738198
738201
738212
738214
738305
738313
738338
738423
738515
738746
739166
739241
739381
739420
739426
739825
739873
740123
740262
740319
740321
740536
740634
740688
740707
740818
740831
740853
740921
741083
741276
741286
741295
741417
741706
741723
741728
741766
741809
741852
741932
742024
742110
742115
742142
742162
742543
742932
742950
743018
743031
743172
743331
743424
743437
743855
743892
744069
744415
744433
744522
744691
744696
744733
744779
744899
744914
745156
745310
745383
745552
745586
745893
745914
746046
746087
746128
746315
746350
746461
746713
746891
746983
746987
747087
747110
747530
747635
747676
747685
747704
747741
747810
748049
748181
748351
748438
748450
748594
748637
748773
748860
748925
748973
749051
749125
749206
749223
749553
749583
749657
749964
750048
750374
750412
750423
750452
750553
750671
751138
751303
751370
751557
751656
751694
751742
751803
751837
752062
752076
752292
752292
752525
752551
752925
752978
753012
753261
753299
753312
753456
753540
753602
753687
753708
753729
753913
753920
753946
753975
754590
754599
754629
755034
755099
755196
755258
755359
755368
755452
755494
755529
755718
755906
755925
755949
755976
756003
756019
756047
756056
756191
756257
756269
756333
756528
756614
756825
757169
757347
757427
757446
757630
757739
757897
757970
757979
757982
758100
758198
758273
758589
758592
758732
758896
758957
758986
758990
759073
759348
759400
759435
759738
760044
760062
760074
760082
760094
760203
760235
760315
760372
760384
760654
760661
760777
761172
761320
761674
761690
761937
762082
762102
762178
762335
762538
762729
762783
762795
763078
763101
763120
763214
763237
763287
763352
763474
763558
763571
763875
764056
764084
764131
764166
764174
764180
764201
764299
764633
764697
764751
764858
764931
765025
765056
765120
765181
765333
765349
765443
765533
765718
765764
765784
765815
765937
766035
766166
766193
766244
766303
766319
766381
766438
766522
766595
766702
766798
766809
766818
767039
767075
767081
767274
767395
767605
767628
767746
767865
767931
768217
768261
768337
768384
768403
768425
768437
768953
769057
769270
769385
769395
769444
769457
769489
769743
769874
769904
769924
770000
770119
770295
770368
770547
770585
770645
770687
770690
770818
770848
770849
770897
771037
771666
771666
771679
771717
771790
771817
771826
771871
772057
772460
772492
772646
772768
772927
773020
773056
773369
773445
773454
773486
773554
773613
773774
773808
773916
773925
774389
774514
774675
774702
774735
774739
774918
774924
775000
775118
775219
775260
775268
775373
775416
775421
775465
775609
775692
775693
775705
775727
775769
775936
775949
775985
776100
776150
776232
776255
776276
776281
776309
776318
776328
776362
776391
776400
776753
776806
776922
776992
777038
777182
777305
777319
777426
777453
777622
777655
777772
777845
778107
778212
778301
778354
778359
778418
778541
778677
778769
778780
778980
778993
779074
779152
779226
779459
779479
779582
779610
779688
779752
780032
780068
780512
780548
780608
780625
780922
780929
781002
781021
781096
781104
781172
781423
781478
781587
781745
781838
782023
782139
782152
782268
782348
782459
782570
782600
782615
782802
783142
783237
783406
783456
783539
783970
784061
784458
784575
784650
784665
784677
784714
784739
784938
784954
785222
785391
785407
785585
785878
785971
786028
786301
786553
786573
786685
786739
786753
786903
786937
787054
787097
787280
787377
787426
787441
787594
787695
787726
787829
787999
788196
788354
788358
788375
788514
788739
788779
788966
788980
789410
789616
789624
789725
789914
789951
790080
790186
790586
790631
790638
790681
790709
790737
790762
790771
790961
791019
791236
791238
791389
791449
791547
791596
791726
791874
792013
792169
792342
792377
792412
792491
792767
792937
792953
793017
793062
793135
793179
793277
793298
793318
793399
793525
793743
793744
793826
793837
794101
794136
794221
794489
794631
794713
794733
794848
794944
794967
794997
795162
795213
795219
795343
795364
795375
795410
795627
795714
795821
795832
795977
796042
796184
796185
796315
796402
796503
796838
796861
796879
796902
796933
796954
796992
797246
797284
797488
797512
797535
797630
797677
797776
797830
797835
797865
797924
797988
798687
798853
798924
799306
799357
799395
799437
799597
799654
799680
799860
799940
799946
800109
800128
800202
800217
800265
800267
800309
800461
800522
800537
800660
800691
800947
800972
801005
801010
801070
801073
801223
801229
801240
801354
801422
801447
801463
801633
801667
801734
801748
802393
802430
802463
802620
802711
802854
803133
803186
803213
803237
803275
803306
803332
803444
803613
803621
803699
803757
803792
804049
804130
804152
804275
804502
804642
804964
804994
805056
805062
805151
805224
805433
805440
805447
805740
805940
806101
806219
806225
806339
806513
806684
806848
806872
807175
807248
807301
807308
807401
807497
807559
807655
807776
807990
808089
808102
808119
808280
808366
808409
808410
808800
809080
809184
809343
809389
809390
809595
809778
809787
809853
809941
810003
810166
810169
810480
810556
810575
810973
811178
811237
811360
811374
811682
811684
811685
811806
811945
811959
812030
812032
812074
812209
812590
812685
812730
812816
812854
812962
812966
813027
813163
813300
813338
813423
813510
813515
813578
813590
813723
813747
813787
813982
814047
814206
814338
814354
814474
814574
814808
814934
815298
815551
815732
815807
815990
816068
816097
816261
816787
816858
816987
817028
817073
817087
817097
817262
817284
817304
817312
817396
817522
817543
817544
817553
817619
817668
817749
817840
817969
818075
818126
818277
818315
818417
818455
818467
818475
818632
818678
818772
818906
818951
819296
819361
819661
819824
819875
820040
820199
820213
820328
820350
820359
820668
820676
820716
820807
820889
820894
820936
820950
821149
821205
821255
821281
821299
821323
821392
821565
821573
821746
821836
822315
822496
822714
822951
822987
823004
823218
823349
823399
823431
823809
823828
823847
823907
823923
823940
824124
824163
824202
824256
824345
824407
824483
824489
824547
824728
824809
824845
824878
824954
825004
825031
825049
825051
825171
825329
825402
825408
825501
825525
825679
825704
825764
825885
826250
826498
826708
826709
826719
826781
826799
826807
827019
827028
827088
827329
827497
827528
827533
827604
827645
827690
827727
827880
827891
827954
828283
828339
828452
828464
828607
828860
829017
829086
829095
829304
829472
829476
829520
830118
830193
830248
830456
830543
830549
830625
830685
830936
830961
831054
831470
831500
831536
831556
831564
831629
831673
831743
831752
831782
831795
831967
831977
831984
832036
832121
832204
832260
832330
832427
832761
832871
832953
832985
833071
833360
833460
833491
833678
833783
833862
834009
834109
834132
834353
834484
834567
834591
834712
834787
834797
834867
835445
835554
835587
835652
835763
835829
835876
836341
836523
836625
836687
836767
836905
836934
837117
837159
837296
837451
837697
837751
837991
838006
838064
838245
838359
838394
838405
838525
838604
838665
838698
838715
838805
838809
838826
839022
839038
839051
839126
839208
839225
839319
839335
839392
839427
839499
839549
839574
839634
839651
839816
839824
839855
839929
839991
840003
840221
840285
840333
840354
840408
840724
840833
840958
841076
841139
841195
841321
841472
841502
841502
841734
841784
841797
842021
842085
842189
842282
842394
842543
842566
842732
843026
843051
843213
843224
843246
843276
843301
843316
843488
843506
843684
843685
843744
843752
843779
843932
844002
844004
844039
844143
844152
844156
844219
844359
844374
844399
844457
844465
844618
844770
844777
844795
844868
844984
845060
845233
845275
845312
845427
845448
845455
845490
845523
845563
845653
845732
845735
845752
845796
845894
846077
846097
846178
846252
846283
846363
846424
846475
846713
846741
846830
847015
847052
847238
847261
847293
847460
847602
847650
847713
847737
847741
847960
848009
848035
848217
848408
848455
848482
848770
848836
848968
849231
849411
849473
849523
849611
849654
849868
850194
850222
850312
850313
850531
850572
850626
850987
851045
851207
851480
851655
851706
851718
851921
852082
852100
852109
852345
852396
852423
852471
852636
852744
852789
852858
852892
852913
852981
853054
853088
853206
853302
853329
853408
853483
853581
853584
853626
853770
853818
853909
853921
854021
854030
854039
854158
854265
854311
854425
854598
854709
854935
854980
855187
855217
855253
855530
855601
855923
856012
856144
856173
856354
856426
856600
856708
856774
856973
857235
857252
857325
857520
857630
857676
857921
857969
857980
858101
858117
858286
858836
858855
858911
859012
859039
859150
859199
859226
859391
859442
859757
859843
859939
860225
860234
860311
860381
860444
860489
860577
860590
860886
861035
861061
861268
861285
861303
861390
861619
861722
861814
861872
861996
862032
862109
862198
862326
862453
862525
862673
862877
862949
863310
863470
863536
863636
863651
863653
863681
863715
863814
863883
864199
864211
864308
864787
865013
865035
865137
865220
865374
865589
865619
865861
866023
866027
866048
866126
866283
866317
866403
866430
866556
866637
866722
866861
866874
866924
866962
867032
867107
867210
867215
867304
867595
867718
867809
867989
868170
868416
868567
868601
868705
868837
868872
868872
868875
868902
869003
869234
869367
869426
869479
869512
869659
869673
869709
869850
870048
870296
870354
870359
870434
870448
870480
870545
870568
870751
870773
870828
870835
870964
870973
871311
871533
871786
871840
871930
871987
872116
872117
872136
872190
872247
872433
872491
872580
872803
872947
872969
873363
873589
873602
873966
874067
874135
874268
874441
874452
874503
874591
874758
874902
875010
875044
875046
875158
875178
875271
875330
875507
875596
875688
875940
876048
876083
876215
876299
876335
876375
876467
876595
876824
876888
876901
876928
876983
877050
877365
877594
877608
877675
877711
877726
877839
877905
878325
878464
878623
878676
878773
878808
878881
878972
879112
879270
879299
879304
879329
879330
879415
879450
879480
879574
879581
879631
879645
879894
880113
880309
880316
880336
880382
880523
880767
881018
881027
881462
881553
881740
881838
881852
881946
881969
882462
882476
882733
882812
882842
882853
882867
882895
883037
883072
883167
883432
883539
883612
883747
883804
883997
884050
884064
884138
884264
884511
884569
884593
884969
884971
885092
885173
885304
885571
885574
885590
885655
885806
885907
886265
886337
886554
886857
887384
887575
887620
887629
887641
887669
887912
888058
888125
888152
888206
888393
888454
888466
888500
888578
888712
888975
889583
889727
889756
889811
889985
889986
890011
890284
890310
890518
890770
890813
890822
891033
891033
891102
891257
891289
891482
891564
891771
891908
891957
892023
892042
892073
892088
892129
892173
892340
892372
892476
892559
892587
892632
892865
893021
893119
893127
893164
893211
893412
893538
893658
893712
893948
894013
894085
894127
894234
894479
894579
894659
894960
894972
895002
895022
895216
895246
895410
895435
895578
895648
895718
895774
895785
895796
895823
895971
896001
896003
896040
896118
896135
896144
896181
896203
896368
896470
896502
896583
896861
896914
896935
897011
897012
897101
897168
897243
897252
897506
897619
897730
897763
897991
898171
898204
898222
898247
898386
898431
898524
898560
898791
898840
898928
899039
899053
899096
899131
899147
899234
899591
899654
899676
899731
899829
899873
899924
900032
900110
900137
900152
900188
900195
900290
900358
900555
900578
900649
900650
900705
900763
900822
900937
900970
901075
901289
901467
901502
901583
901606
901918
901995
902158
902167
902322
902363
902540
902672
902993
903082
903144
903303
903383
903440
903454
903653
903720
903799
904106
904341
904668
904976
905260
905401
905407
905538
905539
905709
905784
906090
906192
906346
906359
906374
906380
906429
906506
906566
906667
906786
906967
907020
907220
907220
907278
907518
907662
907667
907746
907897
907991
908070
908198
908226
908253
908750
908837
908837
908840
908907
909016
909420
909671
909744
909854
909903
909939
909971
910070
910147
910306
910374
910418
910534
910599
910890
910938
911038
911227
911241
911325
911376
911413
911478
911752
911783
911838
911947
911950
912015
912030
912044
912060
912218
912485
912493
912534
912663
912713
912751
912811
912824
912902
912979
913469
913554
913577
913975
914097
914365
914409
914668
914712
914845
914852
914892
915059
915066
915225
915246
915248
915361
915402
915497
915603
915622
915685
915730
915810
915903
915987
916059
916066
916100
916167
916267
916620
916632
916723
916904
916991
916996
917094
917173
917259
917549
917572
917757
917794
917805
917963
917973
918033
918170
918250
918674
918803
918909
918949
919002
919009
919028
919192
919324
919492
919611
919617
919941
920322
920355
920415
920532
920551
920627
920768
920898
921020
921106
921130
921162
921356
921450
921520
921524
921611
921758
921840
921924
921929
922149
922496
922524
922654
922777
922810
922897
922923
923238
923324
923724
923881
923881
923964
924026
924046
924138
924196
924352
924445
924495
924634
924676
924748
924796
924901
924991
925034
925176
925320
925334
925649
925686
925903
925924
926105
926114
926251
926356
926403
926544
926592
926743
926829
926836
926859
926946
926986
926989
927062
927133
927186
927250
927565
927599
927675
927898
927926
927933
928186
928198
928251
928465
928479
928495
928522
928681
928754
928765
928849
928907
928926
929077
929122
929295
929300
929348
929408
929480
929621
929883
929943
929952
930078
930088
930136
930346
930464
930497
931024
931093
931286
931400
931549
931559
931586
931705
931852
931903
931968
931999
932040
932049
932248
932492
932495
932689
932710
932711
932742
932913
932926
932972
933144
933146
933358
933390
933515
933523
933598
933710
933797
933858
933876
934067
934623
934669
934784
934813
934882
934992
935099
935105
935156
935192
935409
935444
935535
935768
936048
936211
936255
936311
936343
936483
936486
936779
936877
936988
937055
937215
937289
937300
937329
937428
937491
937512
937519
937820
937842
938209
938212
938254
938267
938296
938304
938361
938375
938401
938457
938499
938513
938566
938693
938718
938845
938864
938955
939095
939145
939418
939548
939585
939668
939695
939944
940137
940181
940433
940535
940846
940982
941055
941437
941841
941881
941913
941994
942011
942043
942165
942210
942214
942464
942583
942765
942854
943379
943400
943640
943674
944160
944202
944553
944622
944718
944840
944942
944975
944991
945045
945060
945141
945301
945434
945519
945627
945777
945995
946033
946273
946301
946420
946591
946736
946854
946862
947019
947047
947087
947099
947265
947281
947544
947560
947774
947830
947834
947967
948119
948405
948472
948494
948581
948811
948889
948898
948916
948928
949208
949720
949793
949837
949874
949933
949943
950002
950081
950139
950209
950223
950251
950331
950392
950396
950414
950471
950736
950928
951376
951576
951731
951815
952028
952108
952152
952390
952443
952549
952575
952600
952650
952685
952709
952857
952960
953013
953019
953114
953197
953262
953341
953525
953565
953587
953608
953702
953737
953743
953762
953945
954139
954418
954796
954844
954899
954931
955079
955139
955142
955193
955384
955488
955516
955737
955804
955995
955995
956121
956127
956321
956331
956730
956846
956852
956853
956862
956956
956994
957349
957531
957599
957755
957939
957973
958073
958160
958244
958272
958462
958528
958561
958726
958911
958921
959032
959033
959114
959138
959643
959722
959799
960024
960081
960135
960188
960202
960241
960310
960324
960540
960794
961109
961113
961249
961263
961347
961447
961471
961644
961662
961773
961933
961943
962054
962071
962264
962298
962724
962770
962917
963168
963309
963326
963343
963485
963712
964075
964095
964179
964260
964345
964367
964444
964633
964727
964759
964898
964914
964920
965121
965195
965237
965243
965265
965426
965432
965475
965533
965763
965800
965850
966203
966247
966254
966335
966345
966398
966836
966941
967060
967210
967271
967457
967489
967508
967560
967680
967680
967698
967749
967784
967955
967996
968068
968223
968306
968727
968773
969046
969137
969194
969228
969268
969365
969411
969563
969585
969646
969723
969754
969868
969992
970070
970328
970359
970442
970593
970617
970738
970944
970956
970989
971067
971122
971183
971237
971278
971532
971684
971801
971868
972019
972284
972355
972386
972416
972536
972581
972784
972824
972947
973095
973218
973230
973248
973325
973586
973701
973827
973911
974204
974238
974267
974307
974413
974516
974527
974774
974890
975106
975115
975130
975483
975557
975590
975786
975816
975847
975966
976044
976229
976342
976368
976448
976485
976500
976687
976743
976767
976945
977080
977112
977126
977222
977354
977361
977450
977456
977483
977516
977567
977638
978021
978186
978217
978241
978485
978493
978554
978567
978794
978892
979073
979266
979282
979407
979718
979813
980001
980031
980032
980211
980222
980290
980314
980409
980438
980540
980912
981059
981123
981128
981272
981361
981579
981613
981620
981636
981676
981827
981957
982121
982290
982397
982452
982919
982921
982986
983273
983414
983474
983540
983580
983742
983872
983896
984067
984311
984352
984413
984453
984458
984538
984598
984609
984724
984893
984925
984967
985014
985018
985272
985515
985516
985618
985730
985743
985803
985844
985952
985996
986104
986316
986383
986395
986461
986657
986871
986907
987165
987207
987207
987399
987704
987930
987960
988239
988331
988453
988588
988634
988711
989042
989122
989188
989234
989333
989340
989352
989599
989621
989670
989682
989973
990111
990182
990208
990419
990462
990532
990798
991251
991393
991441
991613
991732
991775
991878
991885
991929
991937
992011
992022
992026
992035
992068
992327
992428
992433
992451
992465
992497
992587
992781
992782
992885
992929
993135
993140
993209
993391
993637
993766
993770
993856
993988
993998
994170
994493
994678
994725
994887
994962
995002
995045
995047
995553
995590
995625
995673
995803
995889
996234
996244
996257
996283
996287
996379
996582
996589
996700
996709
996768
996768
996861
996986
997016
997071
997270
997493
997558
997753
997923
997988
998131
998154
998237
998315
998436
998684
998789
999088
999099
999249
999272
999596
999679
999686
999700
999780
999831
999915
999949
999993
