1000
437390
462761
345262
824655
481047
38244
481888
991165
58135
498375
106167
129657
604526
247817
41410
754344
921406
543118
294086
487139
380394
38964
709564
517752
257808
922486
618144
273877
777903
717294
958714
731646
180055
303976
556301
177454
858572
554542
684971
916708
52917
791138
46365
173795
38956
604128
928139
476714
663598
738578
480205
43993
293894
189769
78097
551703
628608
212593
825580
922863
929888
300646
654509
109943
604623
210811
803750
979547
281705
488721
896255
850974
279860
458973
24769
835168
579453
469261
828234
243051
724191
308440
803396
18085
498209
881493
569788
643169
94087
395368
566033
23975
212367
736894
650270
333342
464057
970372
312889
745762
459094
209145
596736
255306
184470
137858
606826
280275
123471
435060
523326
847662
743500
843075
865747
758062
724568
435536
401231
335007
347256
483616
875334
75975
220511
41957
409317
200920
12329
722207
946683
987775
447704
59771
759433
148526
197629
366259
428801
321100
801320
952127
685114
61172
311554
550862
819234
552475
502750
736818
887482
366358
220434
279169
442334
957297
321126
851651
158218
849807
90210
621253
353935
537914
681024
113368
686440
395006
479628
115241
232458
797300
583721
917573
858472
411627
468435
677707
964102
487537
930877
367937
370247
151311
647106
812581
624961
484584
180585
299531
334391
270795
920784
688326
325062
118160
801695
527854
513166
797675
159448
261977
111327
743169
179550
969799
671148
164337
163858
635251
168226
611087
3188
538473
762399
650294
351055
903712
134878
47992
719595
985621
835139
640379
673948
160201
274891
991995
688056
304410
306022
847504
566387
417349
107025
745937
903500
778173
426626
583711
413424
594852
194798
932964
133325
473549
583258
732
893613
234488
48724
613208
736462
883864
769939
410410
560417
44831
918757
248473
349241
741131
612329
431980
674832
235706
694269
94684
13880
120895
678395
943656
715747
389546
876621
365424
379447
976231
366157
273061
727072
931233
886269
463534
331449
172561
390296
891867
217392
825405
656692
82985
566536
269022
514965
241368
504728
209234
336052
34960
846481
530800
494969
78580
920346
887942
444004
816145
380525
326513
89206
107597
257747
491828
87483
589196
664389
994131
481063
398133
819536
654108
481118
386072
923130
512435
143792
944210
238021
479845
495523
84502
526997
990492
163082
963695
878434
607086
779840
258959
933600
869047
882909
707699
877227
486744
296895
57968
480876
294311
456101
300412
948419
453571
202837
387901
966006
862981
332111
720379
342826
827634
804881
386175
818126
967963
349870
212912
91401
129711
988224
541353
515110
871133
249052
392337
874229
62300
966657
355105
356611
422758
171870
821382
392681
891059
209283
875039
754040
541394
595418
613219
885381
400299
999394
219859
884614
349265
432772
492367
478976
420996
33721
510438
808481
799125
419127
199062
861425
385784
554168
734388
324894
242390
555770
717575
133449
765053
592614
403841
822800
188032
17060
708181
104683
532807
928040
505649
882072
877164
998016
877400
814512
548089
387838
139345
347215
323317
338408
724992
709101
408928
459381
33995
651318
15151
267922
301119
296557
860536
221312
119357
564920
238373
827538
185955
771180
271930
691604
169604
149095
689620
563356
479959
237710
467546
619305
101277
790863
474065
826269
499964
882993
285650
50311
50663
817154
834585
868134
113711
695121
89446
233068
776393
844171
576958
962348
131703
848888
653952
817659
514335
859924
381015
510647
97634
848561
646304
198911
639424
120369
541533
655740
519714
343535
222403
86729
677041
56988
954863
790752
268461
560661
540172
561206
921185
633482
523554
52888
482371
693858
870548
513058
553783
767915
540057
651417
616477
186361
366681
772253
823082
424566
944346
342796
768101
166749
429525
445143
740090
900740
752247
524903
977754
292420
86110
898939
925902
609664
468179
924625
303523
855079
954036
373658
622995
494093
541427
755824
196807
908108
528077
19889
849026
988775
362686
617128
671877
308563
578623
411967
725656
330870
936870
703410
139642
22980
602349
581897
148997
586880
22874
968872
441960
493262
342530
64955
503708
883957
820779
700515
308418
865208
720404
157444
853984
599442
290924
42213
424358
385899
454180
150014
716770
907402
853424
372764
446735
972125
471013
595732
75357
493888
80956
517317
987150
423486
98624
7210
823795
919403
707725
132213
300964
944482
806010
671300
543924
613286
713513
484634
999186
684045
634648
232308
591447
4424
605072
554534
492901
592438
150266
568259
86326
231222
85576
589828
171060
184201
597039
511208
619956
821116
643421
437272
765598
965783
108572
825875
579070
338437
310509
578256
22482
461510
326916
130282
465934
931988
684816
475188
524426
351435
43447
127104
99009
645375
233285
786422
345928
346676
297630
482237
167792
457403
919509
449743
423187
544434
791970
518609
882871
102479
613217
421706
80341
940133
68340
62628
388473
269508
537816
429252
137295
97615
556356
236305
742990
305993
539079
605271
652669
836709
87508
820462
294112
7017
786557
233651
551451
578527
268612
950675
197358
881829
888733
277700
338314
957073
340328
726788
742933
394496
156040
880229
492111
228748
632886
751453
534742
171965
356724
187411
525026
444232
524225
335490
967602
310782
569142
519053
889309
354106
986080
603020
235936
874813
880720
574250
831886
737400
817390
91172
131896
973430
971401
624007
718531
120639
891812
253273
292604
248537
957036
333982
209121
481262
669472
693075
308396
754966
212129
714058
109073
714561
317078
861361
589375
197798
951963
937613
935198
769354
28785
583446
259136
516538
723805
977667
637177
615617
747292
446133
380506
704329
780115
105980
701943
965940
799055
10339
720906
527536
724397
346331
242098
557827
724044
831473
755625
676008
285438
207175
961714
830576
306973
220850
347114
30778
714870
500644
646396
462162
946777
543254
682843
243245
649234
384786
209185
448290
395126
446443
975826
635875
309127
217924
193703
33171
565749
465680
225531
367540
189208
187245
198116
496181
924448
545230
526960
639318
45874
689708
617832
509004
232962
817028
752249
882197
201814
961434
330487
113292
407877
822665
749168
717004
40590
459223
266528
122691
924903
492059
490231
114111
679305
688347
126645
120105
749930
653605
759423
312156
343313
893607
337512
92627
710635
89761
974824
428802
567547
821663
542094
491777
644329
807614
725133
201271
266837
991661
840314
708093
483721
330546
338556
679378
535245
465201
799483
801527
635158
75258
630036
494823
485217
967548
587451
712205
57310
78627
141007
624857
416643
683101
116634
577324
7068
841768
778595
273905
349781
135261
981998
833502
982159
836907
29232
517405
302108
828715
835284
937267
420325
981672
948442
905543
949221
535893
617748
522883
614521
758755
664092
547516
958208
297079
124840
965276
655199
419787
755534
4980
555048
253884
354835
537208
90791
900419
570965
909252
245487
922601
362871
665812
904274
311313
571355
853495
847207
705455
892730
978080
980562
556822
525596
455123
370253
166788
420399
