10000
987069
282552
929203
963415
390733
640145
340338
829879
410466
802616
806561
275892
654207
299107
181365
439930
199216
985656
742697
913580
603274
491058
659652
932971
17988
889371
933706
771538
363147
783860
916113
350216
582764
361669
313631
973498
1814
653969
319729
928632
972937
126291
720876
143496
425398
902242
583426
140966
887898
842475
54547
7524
333533
230551
940495
867873
636274
390553
155763
999421
690766
71877
349638
273530
949898
179621
763380
951712
349943
599462
396696
322880
725753
117573
982729
667503
19815
82507
324821
424065
924983
379368
431589
774868
126271
888437
159094
762546
795342
314857
761967
486108
903086
627957
275991
852984
807579
555723
804696
157522
671537
717745
996754
913642
835318
495835
581145
371485
578343
905967
311902
19678
801687
743491
794546
927959
148280
469992
690505
459975
784850
968824
462435
687936
596782
738426
540921
920713
810502
861969
594587
482039
96066
591341
912034
447736
603529
493179
819221
181872
915498
131123
201550
233538
390967
512448
161497
55599
498793
368354
515574
283643
337178
978010
487931
450312
232788
28852
371025
559642
407174
965612
558034
503240
73306
470068
950977
676835
479599
286550
858707
911450
934026
576609
144988
841345
605409
822837
896944
104202
707543
928871
904197
561073
423233
392129
11386
172373
937333
898763
732016
344507
864376
806402
364100
937682
276470
831429
130869
272421
117979
505928
183871
568357
598889
845211
409702
204298
184400
822999
824853
408295
268222
729050
969369
691455
637531
497107
863828
574865
395870
112196
435724
260246
434950
316176
714280
227772
147605
361501
500194
265585
867429
200417
833942
466318
561981
759997
186969
262733
582996
528174
671029
851218
773576
156750
59025
411108
653857
439205
502325
49727
67754
938049
826326
502704
770578
56958
730477
918183
418460
747023
700120
802241
463792
50415
784912
25773
810412
971881
804859
909760
500055
475888
277330
273631
632638
336355
201091
802847
775560
703416
368926
843314
157818
711604
862371
928396
284915
109200
846579
703375
856223
63052
21968
836367
113467
806880
862141
440231
778761
183352
349991
795168
659240
627321
585152
808230
480028
786243
611077
255588
489660
496355
615255
647478
207960
477626
575874
492875
586826
938805
712602
959401
1857
734570
795768
631676
57803
174261
71907
836564
357613
938250
148085
533205
565571
733237
857787
45599
519480
468864
817540
9140
481572
432795
172970
689532
426773
265196
698759
529951
720354
411361
5704
238563
662283
317824
870240
720086
492086
942147
73003
366051
396750
221088
415609
962321
954325
273396
524273
990157
258613
858165
515650
740185
807312
688620
429717
750437
470169
644828
280388
190523
56189
802444
429086
718472
120268
299326
954911
128706
757826
27914
11110
154576
765354
426719
633249
236031
700115
673874
226188
958728
48391
741838
215265
855703
946811
161334
606140
416980
806162
402880
607503
862351
205324
552941
97176
841945
368620
568439
487003
126446
596353
14465
797374
878059
441184
946975
114090
657652
137202
340278
132732
185593
598469
347998
41297
545280
509332
163789
478612
315495
566670
602467
694198
288346
155408
307726
646643
524028
876165
649999
166826
988870
664464
480552
866929
622001
943880
981019
279653
81082
837650
928737
783027
436119
276735
340676
497751
302420
504466
976363
134267
71136
578830
828465
875834
734238
652544
522478
774619
528709
172477
941445
33932
353293
938350
900861
975294
882230
398233
254947
479664
235883
700037
262691
188354
976772
603368
686105
795544
107834
662468
929811
695322
241298
274629
87508
975536
443525
126338
266507
972234
298815
207953
522518
652109
662655
423380
143755
544885
821613
398703
540901
573848
98740
319944
762202
591864
923312
448307
903761
547498
110775
349924
759172
868425
140905
846681
360313
584430
973019
626821
73017
788187
351126
595535
956648
13781
18915
100403
75018
356880
15458
615919
447080
630550
935863
209282
738767
375528
173941
642528
923026
801068
992452
198551
669493
133358
561584
29807
234140
534603
656628
307157
839142
7754
902693
312142
21535
437960
412546
612905
794841
944356
745176
241921
574907
681039
967556
830026
572919
141497
472554
12298
942566
981358
210849
612059
631068
772433
158218
865209
823388
814846
172366
662531
338952
75059
974673
876839
29372
903571
489744
340565
364280
234920
582486
939187
432312
66394
769213
5231
724244
758119
17529
666810
739477
228378
795221
370546
517163
953440
752107
340552
284638
924473
519435
623591
515885
10460
500430
545257
914032
506527
885822
278312
741447
984660
733851
173759
567407
19416
695343
291651
777535
712872
474813
33364
457603
270034
920262
974766
739826
672369
831670
24465
596843
867457
648056
629080
877918
664838
690689
308302
171365
92863
586614
429165
77523
836817
602924
161282
856233
298267
452933
150120
527492
927746
699836
985095
197781
620099
476213
453959
292468
824236
478424
405663
691693
642832
551095
569611
307671
241784
877913
995388
334647
980879
424553
928523
334048
543830
89805
706633
358449
542739
373105
885941
986837
72942
387388
184618
693041
379954
154930
501861
720542
633354
907525
412235
792539
974972
498199
616562
216757
892464
611950
551404
389696
552856
996279
723744
96686
86085
946730
971487
628824
319835
373781
615661
392777
277521
316632
602170
173827
471562
104032
894369
621268
527909
822957
413807
502881
837508
30369
719638
729972
158672
787395
636020
711528
783674
359765
324566
386111
822847
296053
14935
142682
669834
146949
51812
463708
979933
653982
637535
967847
274366
531905
105467
802275
354862
519275
821509
192370
65996
57499
438694
741020
844894
74715
968900
144921
950832
293466
531032
773679
105872
62320
432713
292058
725621
484525
755766
221906
654860
393302
189753
929226
925207
811572
731502
796421
847199
69363
505143
913196
126862
460189
170568
488109
51256
139469
633030
2088
432935
680414
292119
55159
742734
241185
347218
984707
725710
102984
206613
896922
12638
912718
826149
454197
724291
74003
250618
571490
143366
272113
1038
270228
732303
171607
274689
783559
311076
907719
302000
260363
104486
110471
315523
363572
351656
662741
348280
593719
282077
71245
490641
294716
983964
316790
265265
224607
907145
32236
796097
566863
304349
797136
353444
553004
485095
628133
852916
312523
535853
671268
572886
156691
781739
888409
520263
133396
67502
868543
243467
865932
939789
734108
677000
440105
567251
942265
664712
990748
974501
977161
557612
795203
290649
911056
864559
775744
539189
717475
88267
591394
905095
661154
748085
686835
65915
784701
336583
649770
653244
580050
32054
109385
830510
709054
65842
914113
167671
730554
904862
658525
707716
978826
453728
514717
889882
318287
290462
945423
552115
895081
53170
457210
72587
801255
660397
654855
585956
513332
304625
755553
609734
336679
381290
440245
562085
963485
870710
729756
694039
291924
388281
918107
270750
358361
432825
676984
193001
239639
138760
261468
134720
191930
235030
207308
509537
895428
862163
611846
408760
683140
883751
534847
536171
265041
491444
98256
228526
362154
344364
438918
170431
248998
873377
957533
607359
822554
150870
316712
62193
289630
578180
713266
481560
813211
436926
991097
224991
299089
119295
150103
498581
3046
684950
551104
268088
176394
165712
12966
54901
510076
968236
225332
275426
841614
182865
882786
664168
850087
715850
242714
139717
294031
955980
137629
623594
392906
645079
848585
208347
764374
998688
223280
767421
199991
774384
35509
376385
940096
564827
947638
966524
533064
172970
241951
374678
872188
641089
555198
238627
356939
797912
378345
650970
270244
515974
274564
663150
677405
639501
387849
441780
154542
611129
209201
354533
385513
761062
247270
841961
325889
711261
808486
375305
400583
50437
266335
272771
207878
337886
27751
564817
135798
406096
732140
922395
438422
523056
585545
115828
162558
489747
557608
833452
100876
283161
187985
2742
44223
951607
844703
886464
662868
169541
261770
63452
736330
44457
852575
944208
382343
880326
509026
34494
802774
757518
956889
757549
280574
58786
873377
443132
548533
947337
792936
165762
230498
980921
168504
791073
448881
529559
677537
628101
215453
455659
207905
951783
500117
576833
895992
398812
973511
921370
433306
776286
678888
906547
533835
959462
965334
923564
918947
513867
387253
711883
679629
617751
209157
364485
408824
174390
410397
602713
802491
625850
574725
10397
577633
74842
103582
473625
990006
77093
911347
939665
369731
590235
846212
419918
66050
811546
343482
984997
325414
730735
213232
521395
864838
422389
402233
790014
596779
812630
909080
915623
438480
483805
442372
16113
74999
545954
6091
65005
623047
917438
4670
992779
24026
850883
412697
90076
178781
272532
591425
20547
519619
804657
541943
900810
227047
944176
690824
340178
273158
116256
255801
711638
600061
698173
244103
675060
244127
766546
256418
383527
200337
777440
376306
224363
144675
305355
830791
323457
577887
422216
344004
613859
226873
885947
514669
970272
346475
721845
310451
135985
838102
82604
363975
954515
780778
608079
145928
541257
374625
402346
924784
91314
696138
817442
315677
840814
122798
662820
164271
217037
85036
508275
347248
828262
910575
861917
798534
773402
583763
625337
425740
938217
707942
789715
892732
5072
397794
38660
546329
288772
957358
471114
380086
653497
804908
212116
494311
927706
874936
174934
661096
476325
683209
8344
304587
110136
386614
619473
399891
486729
244811
825631
424946
469105
615346
834030
474177
529493
872691
536858
818265
346401
7972
714703
999898
329233
443171
10561
773291
318108
185495
434387
310785
385057
959084
615372
11545
345698
751197
411436
832427
512360
753419
773725
981465
368766
607755
971994
414611
996798
508853
232876
343200
516825
463931
859450
362410
907103
386364
135702
741563
571859
570089
52348
473268
45525
184072
1166
907575
935269
928954
256354
447630
682374
30079
429095
567492
154187
401090
982103
150985
909943
731331
494185
943120
195262
869988
305531
618717
256352
441233
360280
344563
527674
928980
334184
89552
113052
335350
997127
48322
780656
253482
495952
463030
799913
925047
546874
954100
842489
528977
105086
268784
776660
115623
728257
488275
985611
550140
106992
758315
507725
983625
102879
551751
912605
953415
641303
25658
288765
638431
73980
585773
408265
569932
48804
208178
11331
112030
162279
370173
157360
783717
638957
934020
415692
367214
422295
401304
433706
45640
675971
941431
29265
295202
493183
458222
248617
134486
483880
53734
289269
557860
639508
213886
644144
204664
422065
171828
316694
100696
542001
990406
400765
697310
924427
816457
580877
863074
734113
14583
425066
410085
956015
970683
221639
449198
428906
470257
100036
912786
523991
389306
986999
679851
603192
147495
884515
541609
835675
717562
158657
377676
707968
75774
591339
148747
892232
172216
528174
142697
186799
953240
552782
659166
440276
774422
108364
869182
761031
208401
298320
801374
114059
801671
481226
233603
465519
882093
775213
301194
599655
450222
195223
823976
525997
786562
972723
934581
958778
17249
77278
661929
486842
146413
321096
927118
920835
945812
312652
198218
670565
127324
999592
784624
928996
480818
18228
394515
362912
309793
212061
478919
760015
407284
302895
802364
710198
791971
736945
668976
809220
814224
847258
296062
960637
168354
739532
397824
630518
52184
596042
301084
179509
111986
85708
624857
592805
620288
535724
472069
930081
747785
467340
690097
671422
770236
492461
381620
78559
745759
566949
887779
559983
414207
700194
36972
98913
956078
434796
245783
524615
547190
546867
220476
659176
148928
845333
768333
769216
897409
756754
699298
161546
224095
905747
832968
994331
398208
730941
72890
660319
297890
477021
220302
228449
693567
773626
843714
649646
208422
89497
174261
271964
636365
394737
931141
785293
756422
699474
554509
653831
456229
770159
815377
196676
675906
164698
191007
590467
895639
780249
250786
709881
773622
471089
938330
467190
761067
298396
633188
969490
387893
323801
241454
24258
234890
688947
325903
507664
904774
396765
161495
877355
166924
493224
74031
842831
174274
781390
433298
586265
561639
684084
296146
851613
671525
750828
835155
432593
49224
984695
918435
437118
308496
676241
977728
59738
365189
819984
567402
786315
216749
245249
663670
383673
254826
737701
742856
429100
519091
692506
15366
597082
892943
827864
965047
564468
578693
800203
513413
144269
784898
948200
97739
609747
140794
591820
669485
22335
411804
236888
808650
628553
998489
472320
528578
253315
726373
271435
682416
761816
963941
214134
875250
856884
41998
840297
937705
137043
156852
967470
281313
458103
915671
895404
67850
56465
487224
737335
595152
899028
490575
403802
527581
489065
392474
56160
742380
118847
843947
941148
880663
807888
155282
272265
181125
713633
112562
118830
850676
269415
86300
648341
727518
518323
543746
311720
91140
547322
565407
686292
446351
572335
606446
490284
577752
998920
62796
836484
117767
906743
777633
514782
230984
449267
787047
412109
162900
415962
47291
13577
201729
649943
178270
445599
684619
722016
757319
292111
269339
839078
978404
232042
411413
101202
722326
989165
100123
301475
825650
734242
208218
119635
249025
955554
568902
552424
367663
731803
484738
931306
745380
686467
581250
923650
648418
265869
162019
405737
557980
947710
761168
52736
179752
172581
153939
418430
678099
770414
719905
503749
504656
444476
623384
270033
400030
192286
338810
284046
440441
823548
215352
185821
26368
312954
625824
674786
578823
304195
596876
653156
251905
358044
222244
948009
46977
376183
882791
725076
662949
119049
745177
167606
563525
368561
437639
479907
77200
776449
280305
517641
116350
495658
219815
142718
808612
361991
817504
903788
182538
930732
73296
950795
805128
295540
898804
852106
188076
297947
577182
851025
416996
322360
18631
496873
207273
972623
493133
800825
265424
773438
834819
381774
269096
54634
524492
594061
932977
858349
14201
115515
305433
87497
66310
110562
899389
481466
962668
87465
779413
56202
454843
712762
894914
473474
725987
618540
962449
219120
419365
227874
992559
254184
609648
778007
825170
650493
888420
274499
25194
902621
906366
846979
506470
972676
957541
405860
970494
436561
493325
749908
492764
948168
979022
387678
937995
705009
6218
416796
440482
941936
644670
433041
712472
770671
727400
53995
937516
615821
328494
479062
518442
234861
326041
24913
723889
283583
430773
694384
720144
440450
960644
729260
904971
939666
116939
359318
161027
639509
776114
601509
97797
937137
550902
810270
707808
278303
380617
161676
894124
225463
640738
412566
976676
966779
953831
700566
766714
900956
911302
486859
857759
871946
216119
762730
327964
849410
638400
5343
5272
930866
606853
103069
868003
674107
429691
92163
952410
326660
770191
846534
552124
410929
775453
528800
894061
245636
745718
660775
146593
657020
663986
4352
45318
880106
283434
373282
245868
438186
378626
767492
369052
501831
386914
753408
175938
332957
845571
128349
659618
615763
491235
211742
543044
783040
256894
437105
28677
2613
97881
691622
659633
761867
212326
704952
158325
495760
594586
920546
933946
489564
688038
819350
991395
74952
572758
167334
407910
934682
812035
583880
550445
303270
795622
609841
602663
52516
46947
631340
571481
144828
839314
231115
906695
51640
452419
581373
63752
563357
501919
514050
52922
706309
333400
44317
297614
422511
728003
705524
357193
540038
805756
423990
359661
601378
33831
962324
170246
80778
110016
741728
225606
949330
489195
648654
517322
457966
746379
581074
21323
248298
611476
74245
954607
461228
118563
252221
883739
846566
474097
240932
386605
279853
664922
262618
397583
698754
224942
84182
295884
851310
825910
521491
800640
831457
686497
834314
289423
432876
931740
310746
197526
543216
384992
668485
4444
19907
437059
404536
866473
911156
645468
769430
707362
826743
548400
621297
41849
773342
221831
337733
141004
47741
375576
941644
395550
578425
292310
684973
11301
224050
512072
725179
767266
413416
393665
288063
433323
830724
692599
816148
258232
854419
101931
481946
681162
650331
619596
239363
940026
841427
577097
81030
405521
952673
539027
801071
531099
831337
2397
58752
571740
514469
300284
339006
927885
693949
143421
877560
41025
352372
693708
815609
206792
795639
297556
404306
962323
917152
643670
902349
758579
220767
983379
164100
689792
38758
965172
737243
870096
483921
312348
958188
998390
612632
297194
442627
306581
956968
320187
863958
309340
530247
679567
32484
325887
977123
436791
804562
410627
596813
706911
169207
333932
206642
849659
23724
761753
331183
277320
631849
815104
589668
590037
329846
202300
403583
772473
25233
876903
609012
405543
702596
139260
85110
735080
981499
578586
688223
786061
989213
285036
492972
674772
135320
215966
524432
675397
977719
371967
952717
125920
187072
58737
232309
516918
261037
152245
805744
802622
29148
414756
208165
248096
554016
809627
983177
535515
388213
187752
321576
893779
989141
330900
84903
124461
63219
609335
799858
40938
981303
752575
683211
684727
327664
915520
717997
588701
67765
523741
907675
613266
938498
632192
861362
8866
958172
360891
544382
862737
64996
382310
756516
54137
713211
841420
178598
292782
967107
494809
333720
464762
763736
16931
665841
91401
448804
383839
196454
516569
907580
620482
646187
362430
252674
23902
371297
210846
384793
915679
73584
449789
814341
346452
20278
527552
704224
715229
336686
187684
210038
670407
168798
490126
203690
834640
581527
652494
218479
294334
169064
642411
914816
331603
4842
167490
355505
376139
894689
256651
291818
484625
222792
622511
831077
243071
666416
51654
474652
3102
239338
201042
673509
408136
691168
877200
759128
789048
529694
493959
83382
215110
136371
998198
63066
141213
682040
934923
33704
576729
191574
841874
577706
930719
464385
925136
690142
130801
976790
164794
133904
732480
365836
807413
656968
573356
200965
416097
362404
247012
426408
445786
978474
562779
443984
557892
220344
642377
492816
254048
735458
684390
95922
313165
131461
560308
754653
821603
207461
731443
502749
341365
980275
868585
665131
637243
441942
382448
569692
320698
629460
996101
766485
124287
75232
726821
682179
295577
369198
174995
65977
621009
375738
678252
450526
507199
754912
205179
845155
962373
452974
347904
303739
433249
732842
485222
586844
174784
867670
672889
495482
497131
185342
778319
137770
260574
505141
819949
72503
390691
994945
654833
528052
887035
333085
978578
394234
87997
183757
755741
566722
636731
103646
386813
69980
836488
872035
173177
527624
739706
846066
539458
753189
31408
317778
890959
808334
339271
227260
880838
246314
222205
535671
774367
625592
385108
752945
536179
473105
453055
291920
556179
89786
395566
942993
676119
748406
815028
849296
792382
554734
211714
331841
824275
243122
165971
715234
51456
21594
942495
448646
784260
681052
500669
74979
822997
885777
827925
359176
875234
797332
167448
431414
887118
79367
374407
79589
827773
189435
445237
620156
260522
656951
468349
84797
416425
634320
316384
984234
172266
775231
432880
956526
972635
449902
31506
795632
335679
375783
671160
210914
173115
838609
158680
576585
917976
533087
656175
262101
238874
101412
882257
499396
274716
350606
100546
691141
501278
933282
675375
673544
224865
624608
146423
197500
74510
177929
509485
926541
70064
696997
137455
759531
535606
296135
336116
969934
345574
508643
232036
584449
126408
114293
600197
401124
981252
700743
92265
998882
150377
283993
188779
375242
908601
335202
572743
499463
29483
598580
426004
99547
295577
79812
375430
831184
892299
711546
801118
237874
736542
549506
338675
862950
663800
938872
264074
161404
639616
872691
160286
789993
156684
349065
681588
581637
200619
254331
597452
230102
852911
23457
846001
664840
619621
221431
496024
511920
449330
813495
266146
185872
363001
604821
48822
543153
543694
829248
220909
699662
701939
897548
6007
374976
762965
687595
956613
963585
458278
554066
710039
827541
93875
72393
492382
713496
810176
504758
741768
259506
834605
7915
961730
713959
612736
526904
257112
156430
356152
994374
372444
574444
891922
378452
949420
171239
66047
906033
134824
524326
976451
361216
868219
586678
949961
360601
816526
760137
865360
558295
535996
699965
566210
497726
413924
178946
540983
187389
851729
897135
181763
740525
471579
590037
118977
420999
761276
701377
843385
412453
742055
336188
290021
610274
439219
239982
970876
255745
119
352588
814040
52467
52553
896602
550194
982830
591901
607529
170219
443630
504664
868334
184155
492596
974723
819485
429947
252351
37214
789684
664804
779269
642225
954825
905895
81444
711159
876771
337189
711279
745711
667582
763746
798265
564184
830292
297447
156085
954173
984018
116067
975190
852352
816575
467786
343427
152412
414085
595778
189626
720122
776935
968895
362347
731760
874790
960143
959272
267914
813684
186903
13625
481266
467001
328242
561803
297294
625689
717888
767819
126059
350308
743009
494763
166883
210795
838190
319295
141233
433969
508921
861355
210904
994168
740054
459016
385310
700197
934640
653224
513881
121543
183202
511500
588545
511444
73303
402191
653486
307543
170010
779545
657851
913020
274309
341086
640167
628851
176733
781400
579172
685654
159107
306428
196174
415513
281797
581485
115710
216437
234709
145944
337981
934263
657444
926526
445708
247099
328717
615546
554642
498727
911443
728846
928099
702104
69932
568267
330956
246666
866019
910128
448672
25127
732909
161199
440640
14706
742684
72703
231143
493745
734999
569124
428009
908795
495650
390069
155894
340719
521967
226888
839447
433410
472086
283898
135515
542019
852165
982823
305037
718185
892951
270061
259664
625860
431260
216656
156918
690296
805711
388062
700394
540710
957186
128403
449505
969189
34824
121751
309908
556791
864992
665707
990201
337078
949606
125716
395449
318123
624891
216838
552660
517843
486900
328676
660055
434512
61685
816974
641161
867396
721388
341555
924459
678574
986310
373964
164115
21134
12068
990376
577925
877060
172435
84478
730490
638393
726547
125940
956517
351438
342778
25529
385633
346030
354206
562041
296895
415891
379015
938056
799639
616755
795963
724098
811681
782273
614415
975797
803407
626483
482525
897684
19895
654960
982162
750385
293354
225061
392677
766223
576500
735456
791752
962133
81486
662310
524174
894733
594553
419541
832789
394193
36296
628752
118291
847978
927377
249058
340127
730784
391893
822652
144820
411788
477612
126983
678526
287318
868396
71203
53541
444896
323011
361646
407030
920850
23956
447556
815583
134862
867098
164725
529055
419746
793477
163698
267724
720855
412757
124203
967991
804650
946855
112812
732791
940820
756147
927669
228138
624543
998872
798032
585792
838236
676030
509174
759086
699986
956730
574669
351200
340180
739394
880255
759927
49224
43954
544003
286431
456711
668207
254422
777713
131414
883586
510504
72234
156085
954525
300373
296981
469750
614757
882773
307986
290787
391947
67072
507125
865029
158093
858326
205210
413840
738581
965137
463064
298887
25492
749495
755598
210051
520269
49664
341466
920208
76520
413700
592645
31046
230425
889626
500796
845182
288751
808782
135969
197050
392206
643095
62080
550299
501421
267290
964139
756354
748779
943555
55242
774271
209402
327192
984323
729672
376856
325789
166232
969729
255841
275229
775
486267
164856
17923
331449
969959
343057
983771
167010
735263
626866
229090
285562
644639
12732
766054
400993
761511
709609
972587
52134
919012
299780
36457
165036
192988
878598
847620
162717
650792
122849
679844
137059
804057
214119
984860
774017
557176
484983
457379
292439
111849
686469
94354
272840
215553
860408
190186
977064
570017
162773
29198
5381
978905
582008
170417
688246
976958
18037
367315
627750
140887
563512
281161
944944
777631
782374
235313
334808
267357
692692
627247
895559
895513
721601
684751
111066
582009
874937
604482
668379
554063
633681
673760
49320
732041
360530
737566
708999
894919
621234
853102
35806
184746
650615
497103
962377
432989
248768
297185
216699
457813
440785
112258
353326
162386
313361
980745
260748
188299
585227
445479
258714
218908
635591
308034
467301
512473
561953
176301
407393
183187
545755
959551
884285
196370
456654
846662
145712
221775
660200
878763
679588
617337
991021
32914
779723
820734
530011
556823
9033
115239
518654
784099
850499
670598
92134
317801
183071
170439
10454
590464
869978
556209
550016
754263
268931
523022
117277
414643
744797
293829
293406
940737
911166
800779
490004
207242
621514
20015
280417
146899
135254
799072
930999
985754
469670
539485
819907
169093
709924
830361
759558
96254
386570
309574
850517
655501
348948
484146
586497
610098
294328
396255
550835
205494
713387
40839
929088
851253
60855
209506
998152
712461
524930
445503
214567
510952
984988
34474
680045
211264
864835
439603
307518
251405
265529
674387
423259
130830
158534
526108
740928
452862
922363
291763
174708
635750
848955
103797
3355
909810
829655
1508
622271
354585
447011
836839
381889
948352
387665
61934
159616
252501
17890
467135
20258
799771
657874
443517
930601
816408
485977
187881
785622
408341
479645
960331
560443
328600
580480
563799
754762
410135
81659
893385
281072
45022
246576
662961
993374
634242
724895
669343
886743
259137
652830
907001
58909
310704
866871
505862
127113
869200
693744
429087
793893
689741
389418
354337
18341
486250
434488
289455
896385
32499
182840
177457
77521
429417
356770
587248
63659
81666
256591
466754
340803
909421
890107
916064
220125
273330
421927
863590
142531
115671
292678
936424
805412
198448
807113
340105
201051
757953
145912
97436
790452
328752
791246
384326
274521
148016
971574
854532
746034
744517
321286
603190
653938
727746
519254
390415
1076
457533
770358
143607
89556
63036
596384
411320
777836
403497
751425
978887
161451
413689
592676
468255
742442
900274
852581
533315
564642
340507
387848
310677
85024
709134
430219
255314
953232
465825
645730
954309
923359
416088
614268
12915
995476
210652
940588
289664
130502
692013
268552
808305
105703
377580
276560
364497
277854
645494
897812
842496
986001
285660
669525
71026
511147
616096
326340
980731
81922
488422
935040
521633
420862
549309
534548
416338
276313
475136
222355
406815
683502
7259
215120
305557
384839
8033
186406
179045
653527
600570
537893
155880
402583
723771
743258
430082
339867
585951
410813
421789
74373
345854
943422
495236
411515
994323
427926
687828
985811
650281
610996
185665
657540
342468
7574
558731
866853
193980
737776
520380
310903
792022
192613
713486
515793
935871
143568
855660
521822
70733
793802
112548
416587
253576
607784
344454
247899
552062
548635
750063
202344
159631
935728
376236
18451
459655
934968
885305
653635
189096
922037
480890
981118
114650
194376
13263
566874
854296
385276
605048
925030
179078
717596
857969
949006
325380
202424
196906
877443
751059
463321
596139
427042
915401
972375
961845
375056
423695
847150
545044
129144
285540
25934
110262
916542
220311
639878
483416
74607
25154
88465
515989
720584
806061
373959
669590
647794
576383
382848
41589
843794
362521
637728
787188
277923
126455
749033
652979
550151
112536
198023
679295
398076
223958
305909
314618
960621
462139
314387
551580
3645
919204
67570
724229
241617
441529
910172
889411
17912
809372
447352
378058
171894
85080
165246
966169
727888
430631
619148
278039
543167
333524
473686
457595
557482
295947
772214
518103
758087
602953
69683
761732
522157
137253
2314
763774
95134
428838
169538
113046
754562
616890
7456
442808
218323
172702
408977
946211
603334
544478
740602
146501
878002
730640
604097
951836
26587
892663
986291
301026
11968
572326
579111
534125
709580
97777
814251
321066
42967
500141
434113
797529
117032
441569
240338
851707
130624
165667
314270
733958
710145
54872
396811
104499
785512
517260
56335
328451
926275
42626
629478
938243
614953
724941
988720
840885
822718
802972
161951
865685
819465
112416
179566
452849
70338
419904
304556
200962
101924
618826
451272
328421
190050
364435
432921
975562
881696
489256
304014
324323
48235
449844
262567
663188
174785
251287
20425
513855
570611
182376
895892
390077
294793
75458
359278
881483
11715
663835
82445
113639
799013
50069
442060
989064
414504
391333
964626
812552
880590
784992
136876
445177
751188
915795
108365
442325
683434
128790
956180
770398
827518
368424
676827
638663
443883
36105
520146
455598
699940
118943
569237
498954
169012
527649
488018
99869
918983
968996
912421
315925
270341
565649
761102
21529
997796
385819
980207
681231
514609
452739
967981
858479
821164
644808
497143
265047
680913
17289
720645
897206
136233
806234
912512
305245
850235
916882
921466
285570
402230
350240
601495
672571
915889
878949
210453
430038
264768
190660
627621
295729
643399
595602
154209
980915
240410
651352
245962
437675
668641
482959
851233
321226
805545
280097
142824
655781
196979
64290
941351
115562
414530
59199
788133
846772
938148
514938
276810
719269
221950
904431
14998
381702
500033
169207
362617
256795
336911
124932
210822
521905
607891
578408
843131
413437
858505
985955
585570
55485
50246
43273
687399
981128
102472
475532
827900
556973
506823
104710
276242
728773
525493
291240
110475
25526
976800
473093
798673
313711
598025
525848
351968
722268
104256
195100
652057
962761
181055
237627
534598
747653
797253
221997
728782
899725
213882
556682
456698
720705
177745
249292
449478
703238
540533
559954
245117
33685
549399
560142
863748
663776
85990
215717
386044
190246
410817
38102
669360
108224
792081
203958
372230
589334
425956
101012
5412
156190
174046
462110
876895
351791
227755
842725
571382
768288
402679
332851
318325
468430
892993
182073
132206
978984
397790
518251
685582
324959
72705
354942
433184
864786
558901
805414
970473
501209
422778
975885
657399
596824
954347
50646
464968
182102
893371
552702
466742
296051
885553
785067
280833
778546
967141
413040
273882
881283
447643
959465
206243
520348
314407
155779
901486
389660
477545
388311
407221
900323
364196
64620
13499
834896
115266
994819
16998
524990
547521
93
337393
433074
785160
618226
727973
268653
547618
1855
149937
995261
961320
356180
31961
792080
28311
449800
698092
505856
838111
105314
922531
718660
686286
452382
553556
317905
447202
86906
842895
511075
86999
180288
460502
388512
798514
188475
657165
346133
190330
807102
857746
668003
679634
889708
976435
707945
339508
190879
730153
693971
296193
169036
412631
498832
621419
482539
816737
584973
569446
659632
612400
172797
356272
72902
561309
154786
261377
218475
17271
968060
541929
875018
152415
221564
281078
645202
445861
136938
836081
692367
830909
132275
861403
759893
631107
999174
242432
964196
100499
328230
623828
712900
501028
980100
302154
62337
651238
79884
797164
184862
564296
339094
59880
716711
77010
857310
361913
522871
994248
714346
731590
825157
846621
109346
101402
994080
624872
343835
474628
725372
672065
98456
954624
689445
594908
773130
751783
762499
853014
548947
947361
417310
404393
523593
650373
481403
380903
12286
4275
375151
242985
252217
716660
89606
361563
818063
600039
986436
678250
74667
228160
866667
689476
699136
556113
800736
472266
307896
563235
841633
373195
26948
258943
777589
550541
909317
258992
447796
437955
779619
822947
680940
31837
55960
286899
393400
390375
403290
896188
584977
994309
124348
451644
683785
339836
7757
874
812103
832005
80461
653736
721553
107410
429031
15494
174303
854700
274486
622100
809008
570458
961399
6300
602295
533711
293199
512047
440438
212841
924588
25415
207151
565288
477060
407288
905125
1169
408162
233580
349527
488624
403668
71080
112386
349051
86574
803041
203752
877412
425141
12760
964222
902893
19060
82869
952956
828612
111269
393395
41453
35857
418810
764956
117497
412222
172245
22622
413392
580407
772554
762919
585383
176222
350351
214121
525274
953277
17163
245378
347041
958656
258138
311264
861549
793550
394133
330858
138514
505402
724253
179968
57611
143063
944924
175109
555286
633521
714083
485030
213929
486638
764301
315664
179212
631004
529786
704486
584281
546949
466216
447674
505605
724354
758938
883507
34257
669424
214365
172771
174826
454970
869091
748790
114385
330368
923899
186023
963889
637982
671053
694170
640972
951706
526187
820185
582710
55973
524671
683343
119274
990888
131018
624879
231594
406308
24738
782203
75732
755455
471327
766911
210425
340418
515701
324811
187138
955952
510834
151028
593934
698240
361550
234907
649946
887737
55092
232657
460062
96115
916000
579336
603355
47018
720568
351302
453327
745306
133505
45411
500762
121184
812322
227539
977955
844375
552350
165093
800327
579537
832473
910614
277777
194024
661873
927723
598113
233317
160380
58176
845784
592733
637512
449140
156103
358080
316794
609430
619739
450299
171194
636853
87836
983516
864392
65791
344244
933095
230884
144571
512632
63358
571537
790409
773734
233410
234484
888199
466727
911217
946375
312512
503950
100240
278004
660053
974672
594798
785836
594411
561449
957030
231264
649285
456898
612009
715076
801142
545104
945961
462066
57736
525671
33603
364497
815757
267014
115333
703956
250093
26550
166684
562605
530500
266924
356961
706906
241596
951759
492742
352360
513209
966124
99976
678846
939374
711985
393923
740517
257089
856236
718935
831177
898259
752538
712026
230368
535904
827360
934324
785998
853910
617360
864955
900763
884284
221917
607669
642233
690028
616763
510945
719589
99239
610921
398436
38613
322907
308711
295482
579996
164947
14417
927526
579558
766956
639552
809926
819212
466912
260602
121562
837175
877963
986518
737938
278599
724787
861959
437184
931167
478722
948129
650757
577961
559051
565545
132926
398310
874256
428409
494658
555555
442826
422184
651465
726134
578089
461391
545347
561353
721993
666909
398528
116308
169779
652818
911260
410918
514777
348444
858438
509851
812926
509195
604164
888329
591092
737091
286639
465348
165500
781297
537255
608326
719834
188720
850813
297923
166463
396160
859276
404808
579421
774157
521117
265553
426975
432377
192823
941753
297173
51261
451604
110099
76808
572121
998428
667900
309212
285067
649600
474712
582717
186855
599390
818903
891927
450203
116826
58390
362715
492454
463199
458489
266611
500668
240394
209939
449397
433217
151692
746570
484479
119648
856670
77639
691769
855098
745540
517333
656518
911492
992045
755587
98348
107788
574490
506627
74343
691316
565018
953411
700122
544569
928252
483086
45237
168646
693025
494634
601863
361069
241204
602694
480717
614226
196686
688839
985677
942226
206172
642195
370070
714570
397782
468418
338710
972272
491398
413053
179940
56416
366464
396414
117337
294716
879500
162574
979714
88877
173560
97930
449946
931116
216976
447016
545343
413662
135855
531020
872240
858379
689567
242311
572949
603701
227081
911659
92325
718479
841065
272265
291247
207529
185031
408584
18598
64532
87510
514664
153409
777422
612594
119708
708539
829571
566724
770234
759585
702579
817606
631826
560958
23525
874137
650260
627226
101218
561919
719551
336050
402984
508168
627297
126866
693199
552234
661816
757731
639744
176480
427493
417167
305427
547201
642058
134998
630277
928644
894583
332856
746250
42761
410166
769775
916898
576778
397001
534469
138698
632904
386871
58034
141072
14168
701252
834271
82754
879420
108355
722499
572253
52200
656018
877680
115753
814428
529030
746030
743072
423613
595238
489322
982727
5404
775449
899625
582183
688802
950446
237233
321706
337317
811619
462778
867838
29224
813401
950592
908644
921756
189443
480897
973956
361813
874929
606061
176241
403959
352091
919313
343925
947329
924987
326652
469086
216788
742629
567621
905590
209428
321206
227296
63097
132825
206426
930935
678401
19828
397880
587046
457936
103675
584295
948245
465489
975577
554306
158082
379536
906398
593748
239813
370079
35087
566465
839165
251876
825447
923138
157466
34875
244344
901115
97972
893522
107541
545260
571923
643721
459492
675321
101658
79519
775969
49903
61360
751546
120561
219443
647434
26959
329543
887248
913391
364630
970065
752556
132858
795512
675695
806677
346739
436391
707792
444712
329913
331685
506324
901837
975407
482168
577158
593417
561687
869479
159672
623048
621025
280233
358843
784812
823545
688386
672060
736936
569368
158477
5844
702227
470342
197891
25256
817081
634283
733048
778145
480548
581085
284469
382385
556492
282989
475896
666261
844677
345375
342285
984077
482753
622519
342920
267565
962416
547658
455977
215704
117026
614454
221548
335605
84796
935792
360861
418230
86427
610261
196375
566975
191347
997197
465713
264191
280186
941609
930453
641215
803336
272738
625292
802441
411609
484564
70006
890377
32222
42335
106081
149249
173142
843982
1206
774290
296126
878420
192520
382553
488681
388896
465880
196380
386093
931593
460572
182631
389554
907377
823847
192891
696467
965491
995332
624429
450056
581691
514806
482278
624026
620888
147879
313520
981222
665438
87811
277348
543858
280331
659901
548891
669227
125781
745272
571672
573727
205844
270656
963281
629573
94503
156172
326040
576346
667857
466821
26402
765900
981628
508681
906278
118868
172912
219799
616442
838350
307610
893790
382208
587941
70043
931100
773521
712176
192724
861545
285903
914920
132201
249185
544493
743056
921709
386885
319403
589566
853707
345805
871818
351687
370838
778097
986907
543751
997896
603349
898453
821858
13491
280662
926151
83534
728114
699672
795710
437190
561218
81614
352110
209771
847151
896603
952828
768860
799840
272231
874779
169899
618036
746597
37938
988875
524694
24845
48978
38942
144546
947431
860800
158037
744445
786952
241571
988911
2976
553634
426101
80546
635248
778211
290318
482399
191166
243146
767611
507359
515377
642390
677258
133413
388988
231549
638640
913682
256394
687618
468977
917293
635050
329777
75330
895847
633081
833254
884759
636058
386888
310860
716604
538488
89072
6922
537239
796590
250068
304850
303949
281797
463593
497560
415211
852581
729109
570203
282615
501855
257822
751592
419148
409224
597722
10831
305071
230803
844085
706182
383213
747325
17043
99818
802165
622467
623092
339404
935409
389513
160606
239359
671310
624199
253271
602873
993132
982380
173077
275748
587
947251
27340
419736
872827
141414
946919
694250
372218
307356
400433
271783
54681
933828
887953
856846
556295
511046
712602
491704
416911
389560
247415
604573
13760
500686
207447
523244
999418
896876
798992
516358
844127
342685
452446
233306
484099
399365
927556
372669
706721
327989
644453
761402
261817
532406
134600
334464
559804
363554
342521
493067
753114
106288
97641
283226
606975
305088
806471
122745
718316
605463
155455
78795
464500
607901
312101
948600
7266
239657
837621
713987
83999
998426
991741
862168
530833
642693
712985
606989
6247
55506
100057
759362
161794
197698
558940
285121
19138
365411
924219
253806
487227
79674
332601
951727
687576
644702
416679
694842
884359
254301
925182
484710
252727
433275
863231
299912
75969
576216
423254
82216
631722
39663
357930
309868
753713
916871
594990
772851
282282
35561
26657
769509
115235
359258
237589
319163
520312
654268
14006
921023
908569
455540
405734
677649
888815
785317
493913
964784
361533
917167
563353
509607
473182
921283
819475
226895
838154
930817
516098
636789
966378
542755
922650
81614
418365
160239
400777
455029
814508
931135
376053
239429
903027
298139
433430
791843
83456
927344
272979
444989
360863
352684
954596
834046
273968
290423
577293
628474
221241
93392
781615
187619
152499
704266
785585
570865
864505
702715
542246
195365
150202
918299
434795
53230
216438
384577
361425
299894
828273
150756
261235
705489
503441
732183
55887
293761
22607
633180
438587
243848
726572
736555
947819
879072
440821
249757
966289
821678
468824
508535
17044
619026
426835
968191
188608
159625
352768
66385
975872
697394
733494
237107
402883
753287
485643
458770
563400
508250
91950
1987
268450
818523
738542
216269
213947
695715
982378
180236
517394
451202
688771
50790
586581
631958
18981
775189
791584
888101
357927
767456
585495
91421
520915
504730
844708
6558
963500
408108
31160
571803
926447
299610
906678
181342
32232
120625
877057
530962
300861
910803
982165
505984
961593
568746
137943
496926
860287
445879
385028
218214
729687
486875
825987
766954
507958
670695
289865
471458
595155
321025
559613
521603
136988
466291
219297
685572
586916
96354
216534
404129
7158
198699
910114
485103
283797
564409
982030
660437
10288
883410
395003
739975
886637
220991
506929
394595
408038
796794
382406
3194
634172
942019
41149
771160
408311
260446
456732
511579
873152
673266
915709
396662
388318
342175
398118
188467
906584
380148
848904
916872
779910
243908
173199
666547
981251
196480
577495
389289
509627
959901
392483
660151
901920
949984
431311
826583
726782
404395
338163
599935
594013
770224
512949
498683
112399
911067
687151
18983
807567
52407
452207
587477
296315
141758
254025
277566
854590
831520
183208
880569
307773
575691
540720
726045
42028
972031
68981
768810
892778
407144
885097
486792
693720
914399
985475
806119
825466
188978
341454
633034
241386
310013
736863
54053
968123
507240
331620
339065
338760
514828
219635
162885
606871
760355
888931
165251
248739
957912
450414
141517
881408
335511
144661
575128
766262
130137
897599
591729
835467
755405
741115
76853
581770
477978
130907
549893
985219
978879
888958
840331
10059
624945
519569
133282
385301
408500
298534
634040
882764
748948
291909
764172
600811
436571
855652
367074
83060
269603
475155
918527
541360
732622
995381
123130
726952
642640
189375
228523
621519
594685
585207
631578
219631
104776
764860
604932
29628
579746
755324
912392
328694
47233
192916
445858
156
564920
329284
599568
834523
804439
518096
892235
53413
29829
15365
780365
672469
721092
8889
293988
315777
594096
441918
535408
698872
206778
656692
728500
786525
928368
157244
631571
491954
350160
593781
492110
431432
923065
91679
782307
243856
126127
674542
297269
155956
689907
77635
344777
410999
602876
155117
243128
713324
597035
294889
412196
320165
951581
657048
623042
396302
330644
254614
888256
680804
364747
896718
112236
804165
504749
894543
48021
630876
85437
861643
303184
775344
455630
164313
702695
58506
319430
462175
771830
916465
757064
700378
752983
224998
873778
376025
621300
204422
146991
509556
401578
511739
406274
30166
315904
427376
441061
880277
574604
526498
741920
877789
818194
197550
558454
37241
772408
877885
499416
544238
310702
256481
760968
580037
481479
151098
956063
102779
355520
103054
128687
273450
614793
51313
303616
447049
478689
744677
327327
53294
271175
69247
447435
605721
783150
522241
642962
555558
916478
142379
616149
227181
915212
893469
323570
913043
44568
279633
15822
400088
382688
660861
673539
513833
712174
493507
960883
707216
238185
288210
276862
25712
873809
240649
631434
656959
762890
790748
212518
679369
449479
345019
422902
364691
238488
746472
277734
283056
26106
809908
199497
925146
470769
873036
438979
699296
366543
399862
406512
121080
204424
199726
663145
78234
440375
810931
735193
203265
601679
464063
882634
51159
809082
821888
932202
563923
568361
726289
846979
594467
536197
46476
519613
523319
435864
474944
738967
318760
874807
661831
956192
79231
861557
619337
673817
301932
430268
925363
505197
548300
389426
904184
115811
714861
726072
48013
278784
294433
774302
642115
405252
826852
688592
441217
866523
640808
916162
605490
959568
307321
267321
915761
902904
128878
535098
576722
430810
481719
502085
452359
546371
407863
872895
662182
639076
115320
226547
434212
926105
850
76328
331358
344054
281272
288927
210577
922080
721441
816067
881649
28762
83388
313762
931667
728618
365212
24741
159428
846931
43178
128139
393302
451041
517387
571836
90118
632707
798384
40682
558812
315586
117010
406522
659640
398282
695450
386569
320363
416891
202636
718364
962006
802376
32126
410025
530994
397338
434766
206774
760622
477944
851265
670276
445337
368652
242113
51807
1359
40497
92490
560172
356083
209500
483046
15723
124135
178496
918644
444498
111740
121280
679214
590098
440008
227692
123
971002
625030
951241
177776
902004
945537
545393
572281
390874
914046
814394
442682
915405
854891
51524
991929
727326
261024
474976
259401
901511
169824
178045
862361
797916
815677
541575
388014
255685
769267
904489
226687
910650
855730
920815
812654
317619
466208
384935
708494
380254
715681
667528
812012
86924
719052
320293
814250
496428
795269
73651
397940
481446
768048
260301
279362
583725
318229
183729
839410
87496
88218
582449
998146
460301
19616
327153
777920
485825
712088
2766
382431
427770
670294
710795
31046
905698
31089
845297
918479
342710
435300
832771
824156
203349
93072
619871
303426
927653
803600
659189
15150
408170
241638
529648
868471
261255
856801
162744
263432
85242
165510
162215
29364
352157
389363
60410
774207
936804
422059
209038
279514
857360
41809
620023
577061
651234
756246
396839
578887
559846
56028
594037
484368
297667
640038
869192
75274
496839
31936
855058
582081
713798
533625
127797
582307
922988
188208
356515
859792
610267
565553
655659
983979
123715
792034
77392
774949
548280
474232
353836
624478
530260
464226
625198
344279
104264
494390
419553
117455
42678
790963
215889
756477
324589
343686
855136
763929
531894
728003
140074
658514
809909
312085
158845
933624
104119
236238
708573
168751
710470
62409
309581
240730
42987
934779
585010
147251
429170
520915
781059
988200
311879
996948
744677
152820
340634
116166
916749
388881
844169
573175
563747
654078
885260
722592
587702
989379
958830
296275
674482
669300
875037
984063
426383
434376
435195
527745
581628
380717
48660
362687
368917
876891
875987
629947
546063
216621
746113
979165
121854
590282
552340
685601
760713
437601
408194
348415
943332
883376
161043
617815
552677
552432
118230
979060
986808
69777
23157
84788
450494
71817
963827
819412
465061
839814
965711
11124
572788
711824
990289
210994
818458
542630
896596
579171
496583
821142
443939
439915
704518
604982
574082
773547
673766
208665
268959
660574
278442
292116
261715
728937
880286
225542
64701
345347
581709
30412
872823
670849
742236
863113
881843
77046
922095
294791
656218
418678
632285
100157
374945
853156
221491
949028
626703
895257
157693
412015
72183
436135
220483
333898
681424
100769
75793
746125
962468
657502
776537
835292
844703
35125
214757
726546
112172
653204
537690
284742
588234
169975
901251
963179
23131
122742
428559
166187
534351
102604
578202
606534
538740
315037
940433
736516
932159
532578
482642
894627
706432
259179
246271
551135
810657
977380
794033
922829
146936
331723
723923
735170
18051
141526
214702
41182
264268
643261
723721
314971
262218
818275
921505
317310
133313
378290
53826
65472
427220
536468
476451
133652
795648
722723
684787
122657
216455
995173
45486
363392
326896
285761
98562
861299
427287
829616
902482
207907
989230
142555
522878
251448
960831
960735
568758
94144
855378
622584
675968
282598
159053
152419
416251
471053
875142
617390
593710
91598
612563
155548
971342
455812
441309
586256
317111
384948
415873
735945
592855
405103
878501
632085
656551
839332
109172
225309
449828
480902
847893
125796
763501
523298
278215
696104
994351
669710
829846
588061
277660
442410
259961
249002
898222
701270
835258
731685
602570
251131
467631
711777
172586
862484
860214
829137
701816
969387
570798
151644
450289
935044
793792
730142
458342
72007
942598
969046
741717
772445
73459
19377
214855
333421
784731
629429
551043
619990
877466
153614
387473
861449
865391
560060
723933
725606
905549
425749
211345
992700
93745
177986
927744
887537
424481
902438
475897
367079
871484
217614
139524
944944
753344
870731
278365
538075
16512
829408
674417
893979
499374
578243
755428
364766
654655
479362
606724
560204
421463
334421
69256
515209
512407
997000
919098
936888
415791
394995
303968
287275
128962
959844
748571
398658
830576
543288
453085
847088
889049
127503
257419
388423
222098
12848
269541
876753
8562
392617
953309
430025
727038
22566
461586
239446
535918
380685
692686
951709
292032
513006
755337
420994
472851
503908
336004
819779
47197
789090
183219
452598
432945
440639
841021
655043
969839
626915
531796
978401
19532
1457
924778
746571
540375
386365
502369
76294
283402
711407
544355
575434
224414
299692
512781
213617
319953
848785
33396
883502
154227
732967
336100
587172
173606
693473
242215
143445
320388
290363
638198
856273
291821
562977
602844
832196
465694
621565
424842
749096
332972
969198
840882
73738
785242
870015
287355
621547
235153
837103
505049
389380
570071
357501
976553
260029
50975
218768
919827
887715
509132
558025
743988
317305
637354
863184
149501
103048
1101
574344
852144
850426
59894
209379
924164
845136
79394
727872
983036
314547
81327
488085
703928
167750
361939
680481
427780
929266
899249
863959
816981
924733
421984
560970
242038
575691
940506
907892
678739
941608
998588
47236
792034
58482
256615
232550
419970
336009
960422
403006
650557
558102
407444
870837
725852
769383
551318
669984
698649
966919
533943
31982
408005
472280
109304
650043
47971
49811
74287
243062
507771
72875
290298
299805
647709
63265
532355
67680
399275
9130
987038
566184
567232
394482
953373
809436
680217
504691
479421
895218
987962
529716
927201
395967
1996
36505
562363
49967
602668
153002
293030
110439
225878
99680
410244
873587
162946
458952
457619
78573
984434
961010
161109
68018
355492
114482
877454
552062
135525
873227
447280
639839
402944
374481
35807
404940
927339
114522
971260
530007
783876
264290
640447
9754
880322
567043
399694
43268
542347
373665
638193
526781
334675
799302
594799
206520
913784
472254
758582
565661
345481
205862
205501
264777
96696
757660
669718
540387
388534
640978
70394
172410
421620
227193
698517
818294
310589
98211
861563
852936
988228
16108
379718
322904
815411
974517
529424
245547
963123
804358
811209
824957
526572
533062
89734
139620
290722
275804
680007
679256
916782
750402
851666
854754
493947
550183
673049
804536
164746
50964
657473
152975
67072
37191
475879
398835
528060
521655
644383
491184
842365
971944
832493
368937
505006
922227
508558
795728
198032
188565
991336
631166
455319
843002
2273
949267
909538
191674
753803
74284
242638
927628
227259
826062
481171
219490
224898
9232
257497
385633
16768
99862
357577
365613
468800
378935
287840
493710
174663
2224
682275
165999
149743
137595
525353
152016
603214
434891
343690
873369
25528
102680
800998
252787
445094
798521
988630
186344
807753
762479
571977
340873
862342
445906
706486
847494
824841
510679
341204
515856
512903
539831
198207
178998
193778
723561
847366
796992
674804
191056
186714
700332
810088
504064
469472
255183
302585
458102
441527
626691
220581
529857
967564
599275
975763
190403
963121
316957
701082
304325
832813
730337
360509
31021
909336
554287
270934
756702
867632
945738
464111
54346
646071
790551
558410
631895
562086
377347
89997
3614
4038
826930
49823
971603
942558
25586
162006
905679
342543
379440
726357
691709
626129
86866
722730
51817
157505
510016
324872
541489
455754
788983
112187
618177
95886
186949
250072
657973
564297
856421
177939
568335
199704
227762
56290
142262
769700
734648
564293
112244
114088
290650
320305
256570
893868
559387
308387
567726
69403
633259
109215
41509
938594
221403
659687
34481
408352
426111
692454
489001
798885
386745
57337
998589
614507
113627
657203
384207
364628
221496
12803
478716
28499
333108
735286
922367
892495
560026
6445
478250
193285
115661
519760
131880
853416
695799
166361
778120
638262
375167
267122
437147
761912
840811
435736
892771
470790
609291
276978
835418
830788
806134
314135
859287
655594
565773
298006
64442
125799
304452
542692
835437
936465
578804
967317
789881
274603
650030
568001
912866
25197
351475
866365
303461
192286
818454
712584
663077
427745
505914
498495
258533
312048
328982
634172
483995
411108
932179
548437
536907
752983
607481
372344
689448
186286
856013
479329
977241
506043
563682
890107
47592
915158
272825
867405
107444
91279
579989
770521
519024
85904
785369
293910
914304
114351
928082
398299
525459
376613
946736
578719
129596
70570
467415
819044
256856
323429
814725
234097
345824
378408
640557
393417
293566
913382
777174
401010
4661
357164
687884
40037
959420
473253
850299
873724
587604
294734
788376
629416
671347
251464
208135
317296
322034
675550
652692
578890
515331
467418
329340
861156
845826
969897
770925
139392
399631
548099
56754
920644
421615
260990
477033
897387
734243
327333
287464
838200
622067
75840
467616
809766
843656
192103
127062
165691
867653
779755
260933
899337
247173
590273
760493
609351
76522
47770
265095
992505
112221
321849
913149
50189
99192
390183
947576
833435
717516
751392
187987
855935
827232
655603
665701
670889
847706
792764
352932
231712
88871
613865
131049
852396
720491
407894
461747
313365
455664
726842
305871
567885
565043
735372
134426
664235
125555
82003
14023
359423
349747
202010
731710
176980
857614
397412
364221
221672
706528
233505
969736
795399
847370
100785
647795
84213
25031
625894
913931
480695
869088
219802
564933
434131
955174
699359
614719
597082
297714
628742
472857
647462
347104
204568
340794
721070
601980
221367
942743
824860
454872
912479
620259
818594
529617
784406
419160
554648
926652
333091
551696
795740
69245
632981
746223
24419
332340
360942
137853
146407
506036
610711
310221
853141
815279
167367
574211
417259
905086
33306
758471
876310
462138
895082
211256
991755
195840
630416
62755
122492
479859
614451
918232
549104
763784
180807
89876
612477
541750
227729
758884
564138
838440
585457
933631
653719
269176
507843
587330
174262
57501
345801
50572
519639
240883
261828
27746
953075
408597
606854
75567
888456
737657
510151
437561
501442
690959
43789
113919
749061
271518
389155
829551
109959
490964
763183
280030
760140
787378
867361
450754
844879
729514
17678
880871
486750
795858
424969
439825
204455
31823
31745
609264
769481
541896
563177
787275
749207
606966
901194
14620
878484
290349
844172
504795
781313
607355
784826
57805
911085
168539
508559
755964
898053
526237
153187
901155
322095
578157
857333
42903
126332
889078
652167
895813
947326
215344
199440
696534
822310
100634
711154
217146
907335
71678
721942
205000
195385
506768
779157
106470
191659
287716
862435
606064
330305
531974
507220
168753
110131
364553
211656
236464
769983
863823
648629
717309
595519
364422
930195
934181
465056
157702
667679
888744
229380
389621
610096
941118
412741
389254
47588
604400
193322
426375
210465
523628
958350
234037
692381
68481
114942
904037
821297
884925
284212
986279
118586
396083
350701
48782
846616
332109
722836
514295
737205
468568
903917
347302
409686
316658
736556
457275
437411
929878
883650
647876
969858
842000
881913
662239
426834
996855
82628
764483
398132
883192
750762
516718
795627
617815
81852
642243
949925
804688
156539
687130
789609
576808
550784
199295
409818
287340
656570
847229
733571
56573
495105
703429
414925
893370
882021
841759
406577
481001
606243
804709
364194
873357
321428
159821
491173
919632
318417
957450
240673
474956
160932
30282
51764
711717
229577
977934
515409
402500
825164
248980
975425
836621
468762
390350
729992
867135
232110
652921
348136
354705
457631
228682
744414
295411
904856
751939
215043
223273
709389
972068
214581
870322
2350
782697
98391
748280
760631
613800
150780
102147
379133
642557
938769
847895
32907
185113
231382
781369
838034
95870
136074
812017
840905
396841
107428
745761
148780
838824
485386
858170
810892
216319
244844
329595
515368
343235
77875
792351
957035
745007
894499
336168
387564
833268
700415
420471
534733
448149
718193
889119
544020
370619
701137
384925
767460
324917
647038
916241
163741
648776
290763
490986
381447
535607
820581
896815
395194
414808
689166
868581
159815
583665
204750
547379
933285
421517
484202
984370
869667
718747
873490
930039
89367
574627
314964
856827
899544
478354
289420
579638
643482
580183
70624
24929
632142
407557
438096
543688
822365
127262
412270
498532
227280
133372
562263
676917
71241
46465
661288
940908
281565
51130
870947
370932
625757
702263
744111
41653
696969
33532
621291
340451
130067
208267
365380
278562
132176
319828
822250
954541
447091
750872
453073
190723
884244
15336
383992
955486
578154
561632
412746
376071
612762
800046
747003
238519
502309
491114
796525
715631
40998
417816
56082
171066
142436
937815
449628
274612
257643
788230
745506
221086
539103
198579
928161
423347
730268
312154
895185
824774
873786
307932
717197
2901
624330
464200
757772
126639
471666
554297
358622
512665
488466
414705
683731
630902
868872
649711
905514
642867
437941
651020
863954
977044
365952
308467
916744
612572
620621
328281
953698
10760
152565
670895
13661
776895
651447
771433
419887
123113
842083
778509
635778
330549
709566
835861
961451
578438
485572
383317
221306
439866
550690
601612
933262
916642
910079
850006
45566
47053
694640
515616
57813
847205
186511
587826
624101
354310
875611
43988
477423
234046
822497
113202
564595
532064
465415
42398
626854
950988
425716
364512
390854
976406
966124
324116
409400
876204
690475
454966
439609
385115
486934
13774
748672
189797
117952
372773
544107
993563
933113
21530
227610
271963
651084
308557
320379
116500
350956
947233
67488
293024
311746
974694
269430
794222
815162
195182
186778
21989
166500
626387
923456
653434
640161
672129
843231
758113
561254
387338
268029
494368
408868
11991
282683
59953
320548
603062
692805
187856
66647
276645
480880
894745
251339
266662
688968
582853
461844
875746
121195
628344
502134
44651
798130
658647
233132
641361
933113
794387
28699
201142
805107
953920
729485
87790
530225
566385
690852
223030
754242
757499
499675
751474
652245
267366
534489
857565
366571
996333
733311
487766
141030
751797
532418
939160
926797
765550
96874
859910
76289
125573
577404
881396
595845
823241
969186
126070
389626
176390
865452
660220
450242
365127
411695
618839
148845
462536
476404
515417
458869
726067
519535
116251
994217
51953
571764
921014
333856
668638
297276
410145
310563
391032
807894
906409
214273
777080
548831
603899
469823
414284
264120
920065
295763
192167
55256
960961
654703
531660
476378
629924
774079
995913
262528
768296
564219
834292
205662
414427
502930
502938
340924
813493
893970
148818
719902
624595
442251
785086
228495
912074
199370
8967
348491
11485
717486
403747
972446
888541
451759
448824
34817
225838
961090
297345
994135
41661
131637
716149
456088
150919
219088
797012
964413
629410
945831
200667
254006
388082
985753
998853
816508
701475
7820
164999
712961
241658
85098
685407
130199
536857
650584
165016
762695
128026
978714
273182
169687
626703
989332
625775
777623
724772
939139
258388
870534
401322
459055
124540
789404
961161
123393
122264
178988
647565
287263
891949
889223
372361
93709
535774
425570
260645
217143
188266
388671
195857
977800
74710
822560
483484
216837
600183
208256
155976
374923
78791
557299
833979
719683
863055
311492
843077
985320
6832
6994
788935
415134
412570
677649
508843
948344
103219
769488
165487
807837
674511
877696
301990
749221
216609
785474
966058
333144
993731
638386
708068
588874
195685
542047
308557
575093
369891
667986
76765
376723
674981
865700
791857
603903
59701
817052
552247
679273
102892
234087
3462
293755
628135
305452
42976
844744
90927
525386
177889
601010
163773
885957
189884
359458
944356
498441
934551
830599
682780
11316
723674
357761
393369
31884
961664
969422
848936
30263
165047
468181
780702
168510
761936
408838
990314
321265
769934
81241
846651
464175
198603
10424
350132
388487
886235
810840
403281
337138
641439
86061
864807
881466
960174
774528
913350
438190
743950
278638
984805
908998
746819
281860
593860
25108
690698
584174
346373
976984
181768
193024
441160
896723
719801
307644
285211
606036
118485
204844
943174
276276
807257
807981
674094
283783
582509
587444
721973
842812
866083
223130
268162
129254
504990
862022
670714
712040
962548
17087
689025
660668
726464
646537
557392
446265
954181
358955
568653
589018
80151
511827
381647
887408
836161
55741
171191
935022
159538
409516
294186
541973
148998
562348
671227
653989
940722
341942
366029
419623
875381
571406
80291
601845
217943
154035
564462
688477
512990
133115
793847
109493
161295
175494
996901
513808
747588
684444
448830
907126
610312
259369
449099
759311
821717
636678
929652
278792
494972
295681
698415
370354
383440
295058
488551
117735
449094
569366
806212
478436
702481
600060
587930
863776
291906
101183
377584
39494
301980
342767
462972
428644
602136
912071
187955
940205
65102
117607
218997
560074
929641
433764
446780
313081
245175
451684
430816
210621
21050
753381
689057
723531
869793
793339
103660
161699
410875
997596
201194
712855
856715
664166
141499
458851
92590
845807
915409
157692
479766
650758
234118
925759
84523
197251
238840
329698
648935
186009
540319
186337
455742
745728
426220
325535
55420
46232
487234
466295
43829
204780
695502
900544
385299
353353
875748
477889
715512
791157
151933
195279
958267
902403
637390
42790
99654
392583
888840
264941
578592
945511
451278
550686
207592
393851
876221
263012
440083
363455
245659
264
84588
941161
417161
469887
810866
292909
947776
42731
600418
616061
238010
558685
518464
391752
117828
618119
784335
523020
399412
362927
468532
367043
429965
676124
760894
306186
455488
200977
185994
701147
717594
270582
158660
134755
740469
485878
427664
204597
528609
544434
820658
282971
619471
339122
674724
737299
473593
459059
260320
873006
338339
245204
240049
768304
437680
943
74491
893168
718272
776837
110667
435866
47419
269327
570621
304240
755205
514637
508837
283815
59071
329495
83138
678543
184969
757862
932194
658563
216922
708866
47921
555261
954070
287970
839917
391750
805265
914408
284918
39889
691245
395585
992108
255016
181264
562729
559256
452822
593719
68093
252989
169142
913940
336127
364037
615262
93990
296232
790177
827264
5098
838098
898877
475521
642420
738794
867271
964037
169555
668542
3926
377152
580479
996034
632169
278096
75116
707777
730918
185187
292223
983907
354329
206163
836386
718367
337777
930376
530951
127954
273992
536049
482404
172869
527922
124824
911664
395194
605213
81219
580088
609140
458371
676919
121526
606892
955015
712994
314670
685933
414533
606893
186192
768863
329408
22579
3582
183538
469307
534533
311492
743300
586934
793897
916169
114857
435073
344185
26403
40287
941756
606491
165779
916480
283410
803657
523372
238426
33004
354394
440711
447537
477639
626904
216400
323400
165835
219982
506938
635142
754515
818430
378442
341450
128679
810964
972659
563753
155149
999062
604040
96906
605553
286171
13386
405315
89828
53110
160093
122832
407505
600805
570370
401496
744061
303122
724896
909896
523105
231834
545038
793972
50265
439833
651774
178944
250797
624433
259049
922298
623495
379441
535556
745400
665612
65294
667068
755441
118405
827161
394625
42262
944318
964995
443758
688379
784470
168655
598275
307575
400489
659666
617899
967106
99499
269674
662403
866648
410459
921452
305298
550307
300894
840855
812059
482858
422501
479127
238299
540906
822641
149277
583168
766959
114272
543279
455339
415094
711934
569966
722669
628775
745984
856921
595882
361835
126595
774637
744835
53406
696089
50134
603713
513335
407341
415773
996194
829842
411252
750845
370749
233893
900122
470269
853
530747
529900
972544
945841
758186
58862
184863
386962
804847
41784
499196
683034
168379
273833
427870
738137
486274
994356
341851
999610
401697
273976
512156
231539
685228
263001
118640
919122
163124
105262
436327
693871
151514
925223
156064
909701
500437
340927
296663
821636
382711
312211
504671
67442
102396
932541
805580
105022
926897
663783
620984
844946
937759
133140
592837
139339
396142
227830
574813
75618
333092
11140
285841
484606
452715
441905
910659
953153
782833
723674
774789
165544
35885
279460
232987
654633
728353
554919
759656
171602
218702
380640
532900
672813
513781
125738
812152
426275
353568
386966
18245
203012
914458
304086
203970
367174
745991
114630
836679
45176
838304
611468
210721
874190
407281
960060
45175
651986
31331
804831
339941
766385
701824
872841
439198
215605
998579
251350
158232
868499
154668
176477
71511
69127
480563
275482
952653
742906
390112
789332
788083
228416
917152
515156
618958
840785
991568
664134
9124
22899
985317
349065
789284
687141
738258
744834
419098
253190
996184
577330
121689
150853
753807
193201
736332
750722
468683
688985
493629
375147
994669
798064
119915
428173
829572
738874
268959
821140
919360
794435
360391
904677
143500
666027
591819
881758
410861
10917
134948
923397
104600
772990
590602
374759
966191
326934
125482
951226
532271
135463
842725
43292
449879
962640
471466
279451
701514
256777
616943
620874
51212
977334
41904
711064
159713
150075
109174
86926
677344
760475
10323
781944
533465
117278
156704
16008
960564
798538
967234
492836
934001
809959
52480
900232
772599
40298
179683
990466
297075
796626
127692
864639
290312
169596
575703
966377
836023
684878
53303
513368
445353
579978
295312
495170
697256
968368
511178
657821
766906
994764
667009
217259
804723
719489
117491
93674
759788
297174
600492
573215
610152
728185
437855
416816
414133
529910
383193
250157
214788
436496
763525
176493
532827
575189
671663
230083
543558
699193
404256
310464
693957
71265
527724
15032
307107
161567
108707
583247
458742
225551
156462
585246
470088
110669
2063
884222
640580
385256
650731
855368
338105
930608
548214
387284
22149
736229
617367
565707
435423
537976
392524
645732
125593
436600
660765
432700
598167
285824
15947
573261
511375
688762
158508
981464
799431
160571
382038
440011
62179
549121
811732
916636
996081
876298
303920
18230
612527
437640
100290
564302
491968
492814
726387
617561
929414
387152
566614
43933
672976
98913
617195
700703
787675
292055
198519
587107
968978
96909
543470
547509
646030
871554
464146
158463
747852
284418
176694
876732
238410
276984
441034
730378
286150
683773
864292
731916
70925
430906
775849
260253
529819
909396
477309
833847
201451
675828
937306
170429
772738
480776
717939
935120
352331
698437
609936
100183
499207
786630
493267
737618
579966
450654
984348
866116
134427
848640
598032
205353
795898
890233
981958
325718
799630
459267
159565
517433
135096
96871
687863
424186
93999
922154
875658
962682
136943
485594
62866
152502
788576
556133
890120
884894
6787
390821
751010
657567
755813
865394
862920
551712
755628
844878
393782
71610
820498
553347
589043
471946
166570
793258
896132
260569
231764
288142
739604
368707
290089
802470
521210
595017
874955
927682
479912
398095
834855
230922
55662
590669
612669
434934
142381
368297
796164
52515
439907
616662
605862
545302
88608
288784
338561
501092
65705
570325
305587
805309
455385
595676
124131
976595
190693
515439
420629
670605
913534
255485
417880
485548
362506
30549
436834
21239
915198
232998
73754
871457
366013
195968
416759
970973
484752
755320
988418
66809
841998
294005
872119
297383
406033
996250
790330
113078
28041
210959
300036
457927
982796
234268
943475
345302
264817
896661
882893
696367
646012
956647
567824
12025
152615
500935
499350
153719
256256
4120
220529
98254
298125
92648
911989
220510
605250
702319
333589
633292
429630
633625
91219
412427
867893
551047
274081
649062
964060
156975
861781
610072
629974
945957
138449
782590
446892
637800
452661
219500
158272
673190
834106
456398
282190
746095
193260
887441
448414
526849
37085
878045
676826
644656
806824
61071
712055
80905
226485
676116
754232
88266
802540
384207
34223
940990
683149
997468
95142
652162
216968
253414
325353
51075
226164
607543
797170
419425
11336
245585
946274
564773
639982
139453
725782
446806
716876
954189
527711
943362
146657
798296
547980
949198
698855
98556
890188
898356
96024
501682
550518
312992
755096
875871
364067
497613
999767
677590
917038
527455
923175
379664
608581
79509
519117
334363
526315
235994
288552
570378
695708
435210
368674
243688
900760
67529
342244
307300
482237
438268
808982
32756
267613
80430
424979
148032
578043
941098
825622
495081
468554
265149
874746
593487
344658
910215
927850
870973
662561
732754
441352
874621
684316
810026
118310
585076
393908
976906
892376
876145
931527
217710
425253
199140
298141
850233
347172
876184
307683
172795
887618
292589
437944
278716
886076
298955
188931
813926
169928
367845
63033
611280
242466
747349
937659
877128
848778
847919
370387
257506
240416
301914
475217
665670
17406
773358
32255
880930
649542
339938
570077
53512
632528
524374
332228
34956
823329
521160
848883
993257
405357
428268
120890
164175
691969
574901
557656
540747
422820
928043
314606
663236
746309
789823
845258
280067
79533
393865
160997
245427
733804
731075
298940
882684
255449
631168
917640
595130
668680
282875
104739
74037
711143
225629
754565
919465
800530
312221
976564
739702
756616
291170
919291
19277
597345
280901
299344
676878
674767
976693
922306
408571
707768
221246
807607
479569
368766
241599
591051
37447
524475
695791
627836
751970
921420
382401
671435
238303
210974
648000
494357
483942
455522
930000
503219
52868
210902
318915
729746
885669
295609
168404
810592
519729
906002
134551
515651
274769
376150
106702
312216
416977
802493
456404
168948
240266
355158
356735
478569
566132
4735
489278
566427
460258
419279
585998
29478
630181
421266
759224
32202
716875
927629
842794
752956
833631
977345
268607
624752
869847
375310
936968
286825
694155
393373
455773
934421
264883
812508
929342
831015
333596
418621
913794
310206
837900
499793
339684
984433
437411
615260
16635
154286
59241
859429
423594
409225
353126
692202
33977
222973
583864
487298
509798
278019
397023
481923
728793
661906
810784
658135
9273
144380
76756
923068
970938
431008
939213
826974
415441
376624
958586
432076
47262
17828
807857
470856
427053
160983
679410
461030
900309
263274
948328
410107
57646
861703
408383
302791
523609
219167
960926
532883
879899
554035
455951
367189
985043
911516
194163
916837
288140
152749
348913
851754
686929
673123
322610
630334
834106
2021
91365
250767
781647
