100
661344
116879
140185
171587
362955
56320
469087
199190
235025
505986
724988
471923
42213
303494
987515
963389
810173
283382
795953
800540
70540
70974
896722
45666
596942
81614
741785
604834
417209
943223
364560
594905
60103
21097
282844
423058
77417
268284
622248
828794
774270
347237
300717
332835
167083
804584
296224
977257
604319
608529
294149
674859
679503
190871
720525
276445
788837
978663
397632
206047
921886
278544
317304
981989
815993
600149
921399
409763
868433
60000
754909
159055
407237
571979
491890
574320
376563
788115
67929
980882
912996
362079
172094
592500
69302
892619
385297
858140
871282
299281
580539
793169
577825
897843
291510
910171
497992
729262
319934
366425
