10000
93
119
123
156
264
587
775
850
853
874
943
1038
1076
1101
1166
1169
1206
1359
1457
1508
1814
1855
1857
1987
1996
2021
2063
2088
2224
2273
2314
2350
2397
2613
2742
2766
2901
2976
3046
3102
3194
3355
3462
3582
3614
3645
3926
4038
4120
4275
4352
4444
4661
4670
4735
4842
5072
5098
5231
5272
5343
5381
5404
5412
5704
5844
6007
6091
6218
6247
6300
6445
6558
6787
6832
6922
6994
7158
7259
7266
7456
7524
7574
7754
7757
7820
7915
7972
8033
8344
8562
8866
8889
8967
9033
9124
9130
9140
9232
9273
9754
10059
10288
10323
10397
10424
10454
10460
10561
10760
10831
10917
11110
11124
11140
11301
11316
11331
11336
11386
11485
11545
11715
11968
11991
12025
12068
12286
12298
12638
12732
12760
12803
12848
12915
12966
13263
13386
13491
13499
13577
13625
13661
13760
13774
13781
14006
14023
14168
14201
14417
14465
14583
14620
14706
14935
14998
15032
15150
15336
15365
15366
15458
15494
15723
15822
15947
16008
16108
16113
16512
16635
16768
16931
16998
17043
17044
17087
17163
17249
17271
17289
17406
17529
17678
17828
17890
17912
17923
17988
18037
18051
18228
18230
18245
18341
18451
18598
18631
18915
18981
18983
19060
19138
19277
19377
19416
19532
19616
19678
19815
19828
19895
19907
20015
20258
20278
20425
20547
21050
21134
21239
21323
21529
21530
21535
21594
21968
21989
22149
22335
22566
22579
22607
22622
22899
23131
23157
23457
23525
23724
23902
23956
24026
24258
24419
24465
24738
24741
24845
24913
24929
25031
25108
25127
25154
25194
25197
25233
25256
25415
25492
25526
25528
25529
25586
25658
25712
25773
25934
26106
26368
26402
26403
26550
26587
26657
26948
26959
27340
27746
27751
27914
28041
28311
28499
28677
28699
28762
28852
29148
29198
29224
29265
29364
29372
29478
29483
29628
29807
29829
30079
30166
30263
30282
30369
30412
30549
31021
31046
31046
31089
31160
31331
31408
31506
31745
31823
31837
31884
31936
31961
31982
32054
32126
32202
32222
32232
32236
32255
32484
32499
32756
32907
32914
33004
33306
33364
33396
33532
33603
33685
33704
33831
33932
33977
34223
34257
34474
34481
34494
34817
34824
34875
34956
35087
35125
35509
35561
35806
35807
35857
35885
36105
36296
36457
36505
36972
37085
37191
37214
37241
37447
37938
38102
38613
38660
38758
38942
39494
39663
39889
40037
40287
40298
40497
40682
40839
40938
40998
41025
41149
41182
41297
41453
41509
41589
41653
41661
41784
41809
41849
41904
41998
42028
42262
42335
42398
42626
42678
42731
42761
42790
42903
42967
42976
42987
43178
43268
43273
43292
43789
43829
43933
43954
43988
44223
44317
44457
44568
44651
45022
45175
45176
45237
45318
45411
45486
45525
45566
45599
45640
46232
46465
46476
46947
46977
47018
47053
47197
47233
47236
47262
47291
47419
47588
47592
47741
47770
47921
47971
48013
48021
48235
48322
48391
48660
48782
48804
48822
48978
49224
49224
49320
49664
49727
49811
49823
49903
49967
50069
50134
50189
50246
50265
50415
50437
50572
50646
50790
50964
50975
51075
51130
51159
51212
51256
51261
51313
51456
51524
51640
51654
51764
51807
51812
51817
51953
52134
52184
52200
52348
52407
52467
52480
52515
52516
52553
52736
52868
52922
53110
53170
53230
53294
53303
53406
53413
53512
53541
53734
53826
53995
54053
54137
54346
54547
54634
54681
54872
54901
55092
55159
55242
55256
55420
55485
55506
55599
55662
55741
55887
55960
55973
56028
56082
56160
56189
56202
56290
56335
56416
56465
56573
56754
56958
57337
57499
57501
57611
57646
57736
57803
57805
57813
58034
58176
58390
58482
58506
58737
58752
58786
58862
58909
59025
59071
59199
59241
59701
59738
59880
59894
59953
60410
60855
61071
61360
61685
61934
62080
62179
62193
62320
62337
62409
62755
62796
62866
63033
63036
63052
63066
63097
63219
63265
63358
63452
63659
63752
64290
64442
64532
64620
64701
64996
65005
65102
65294
65472
65705
65791
65842
65915
65977
65996
66047
66050
66310
66385
66394
66647
66809
67072
67072
67442
67488
67502
67529
67570
67680
67754
67765
67850
68018
68093
68481
68981
69127
69245
69247
69256
69363
69403
69683
69777
69932
69980
70006
70043
70064
70338
70394
70570
70624
70733
70925
71026
71080
71136
71203
71241
71245
71265
71511
71610
71678
71817
71877
71907
72007
72183
72234
72393
72503
72587
72703
72705
72875
72890
72902
72942
73003
73017
73296
73303
73306
73459
73584
73651
73738
73754
73980
74003
74031
74037
74245
74284
74287
74343
74373
74491
74510
74607
74667
74710
74715
74842
74952
74979
74999
75018
75059
75116
75232
75274
75330
75458
75567
75618
75732
75774
75793
75840
75969
76289
76294
76328
76520
76522
76756
76765
76808
76853
77010
77046
77093
77200
77278
77392
77521
77523
77635
77639
77875
78234
78559
78573
78791
78795
79231
79367
79394
79509
79519
79533
79589
79674
79812
79884
80151
80291
80430
80461
80546
80778
80905
81030
81082
81219
81241
81327
81444
81486
81614
81614
81659
81666
81852
81922
82003
82216
82445
82507
82604
82628
82754
82869
83060
83138
83382
83388
83456
83534
83999
84182
84213
84478
84523
84588
84788
84796
84797
84903
85024
85036
85080
85098
85110
85242
85437
85708
85904
85990
86061
86085
86300
86427
86574
86866
86906
86924
86926
86999
87465
87496
87497
87508
87510
87790
87811
87836
87997
88218
88266
88267
88465
88608
88871
88877
89072
89367
89497
89552
89556
89606
89734
89786
89805
89828
89876
89997
90076
90118
90927
91140
91219
91279
91314
91365
91401
91421
91598
91679
91950
92134
92163
92265
92325
92490
92590
92648
92863
93072
93392
93674
93709
93745
93875
93990
93999
94144
94354
94503
95134
95142
95870
95886
95922
96024
96066
96115
96254
96354
96686
96696
96871
96874
96906
96909
97176
97436
97641
97739
97777
97797
97881
97930
97972
98211
98254
98256
98348
98391
98456
98556
98562
98740
98913
98913
99192
99239
99499
99547
99654
99680
99818
99862
99869
99976
100036
100057
100123
100157
100183
100240
100290
100403
100499
100546
100634
100696
100769
100785
100876
101012
101183
101202
101218
101402
101412
101658
101924
101931
102147
102396
102472
102604
102680
102779
102879
102892
102984
103048
103054
103069
103219
103582
103646
103660
103675
103797
104032
104119
104202
104256
104264
104486
104499
104600
104710
104739
104776
105022
105086
105262
105314
105467
105703
105872
106081
106288
106470
106702
106992
107410
107428
107444
107541
107788
107834
108224
108355
108364
108365
108707
109172
109174
109200
109215
109304
109346
109385
109493
109959
110016
110099
110131
110136
110262
110439
110471
110475
110562
110667
110669
110775
111066
111269
111740
111849
111986
112030
112172
112187
112196
112221
112236
112244
112258
112386
112399
112416
112536
112548
112562
112812
113046
113052
113078
113202
113467
113627
113639
113919
114059
114088
114090
114272
114293
114351
114385
114482
114522
114630
114650
114857
114942
115235
115239
115266
115320
115333
115515
115562
115623
115661
115671
115710
115753
115811
115828
116067
116166
116251
116256
116308
116350
116500
116826
116939
117010
117026
117032
117277
117278
117337
117455
117491
117497
117573
117607
117735
117767
117828
117952
117979
118230
118291
118310
118405
118485
118563
118586
118640
118830
118847
118868
118943
118977
119049
119274
119295
119635
119648
119708
119915
120268
120561
120625
120890
121080
121184
121195
121280
121526
121543
121562
121689
121751
121854
122264
122492
122657
122742
122745
122798
122832
122849
123113
123130
123393
123715
124131
124135
124203
124287
124348
124461
124540
124824
124932
125482
125555
125573
125593
125716
125738
125781
125796
125799
125920
125940
126059
126070
126127
126271
126291
126332
126338
126408
126446
126455
126595
126639
126862
126866
126983
127062
127113
127262
127324
127503
127692
127797
127954
128026
128139
128349
128403
128679
128687
128706
128790
128878
128962
129144
129254
129596
130067
130137
130199
130502
130624
130801
130830
130869
130907
131018
131049
131123
131414
131461
131637
131880
132176
132201
132206
132275
132732
132825
132858
132926
133115
133140
133282
133313
133358
133372
133396
133413
133505
133652
133904
134267
134426
134427
134486
134551
134600
134720
134755
134824
134862
134948
134998
135096
135254
135320
135463
135515
135525
135702
135798
135855
135969
135985
136074
136233
136371
136876
136938
136943
136988
137043
137059
137202
137253
137455
137595
137629
137770
137853
137943
138449
138514
138698
138760
139260
139339
139392
139453
139469
139524
139620
139717
140074
140794
140887
140905
140966
141004
141030
141072
141213
141233
141414
141497
141499
141517
141526
141758
142262
142379
142381
142436
142531
142555
142682
142697
142718
142824
143063
143366
143421
143445
143496
143500
143568
143607
143755
144269
144380
144546
144571
144661
144675
144820
144828
144921
144988
145712
145912
145928
145944
146407
146413
146423
146501
146593
146657
146899
146936
146949
146991
147251
147495
147605
147879
148016
148032
148085
148280
148747
148780
148818
148845
148928
148998
149249
149277
149501
149743
149937
150075
150103
150120
150202
150377
150756
150780
150853
150870
150919
150985
151028
151098
151514
151644
151692
151933
152016
152245
152412
152415
152419
152499
152502
152565
152615
152749
152820
152975
153002
153187
153409
153614
153719
153939
154035
154187
154209
154227
154286
154542
154576
154668
154786
154930
155117
155149
155282
155408
155455
155548
155763
155779
155880
155894
155956
155976
156064
156085
156085
156103
156172
156190
156430
156462
156539
156684
156691
156704
156750
156852
156918
156975
157244
157360
157466
157505
157522
157692
157693
157702
157818
158037
158082
158093
158218
158232
158272
158325
158463
158477
158508
158534
158657
158660
158672
158680
158845
159053
159094
159107
159428
159538
159565
159616
159625
159631
159672
159713
159815
159821
160093
160239
160286
160380
160571
160606
160932
160983
160997
161027
161043
161109
161199
161282
161295
161334
161404
161451
161495
161497
161546
161567
161676
161699
161794
161951
162006
162019
162215
162279
162386
162558
162574
162717
162744
162773
162885
162900
162946
163124
163698
163741
163773
163789
164100
164115
164175
164271
164313
164698
164725
164746
164794
164856
164947
164999
165016
165036
165047
165093
165246
165251
165487
165500
165510
165544
165667
165691
165712
165762
165779
165835
165971
165999
166187
166232
166361
166463
166500
166570
166684
166826
166883
166924
167010
167334
167367
167448
167490
167606
167671
167750
168354
168379
168404
168504
168510
168539
168646
168655
168751
168753
168798
168948
169012
169036
169064
169093
169142
169207
169207
169538
169541
169555
169596
169687
169779
169824
169899
169928
169975
170010
170219
170246
170417
170429
170431
170439
170568
171066
171191
171194
171239
171365
171602
171607
171828
171894
172216
172245
172266
172366
172373
172410
172435
172477
172581
172586
172702
172771
172795
172797
172869
172912
172970
172970
173077
173115
173142
173177
173199
173560
173606
173759
173827
173941
174046
174261
174261
174262
174274
174303
174390
174663
174708
174784
174785
174826
174934
174995
175109
175494
175938
176222
176241
176301
176390
176394
176477
176480
176493
176694
176733
176980
177457
177745
177776
177889
177929
177939
177986
178045
178270
178496
178598
178781
178944
178946
178988
178998
179045
179078
179212
179509
179566
179621
179683
179752
179940
179968
180236
180288
180807
181055
181125
181264
181342
181365
181763
181768
181872
182073
182102
182376
182538
182631
182840
182865
183071
183187
183202
183208
183219
183352
183538
183729
183757
183871
184072
184155
184400
184618
184746
184862
184863
184969
185031
185113
185187
185342
185495
185593
185665
185821
185872
185994
186009
186023
186192
186286
186337
186344
186406
186511
186714
186778
186799
186855
186903
186949
186969
187072
187138
187389
187619
187684
187752
187856
187881
187955
187985
187987
188076
188208
188266
188299
188354
188467
188475
188565
188608
188720
188779
188931
188978
189096
189375
189435
189443
189626
189753
189797
189884
190050
190186
190246
190330
190403
190523
190660
190693
190723
190879
191007
191056
191166
191347
191574
191659
191674
191930
192103
192167
192286
192286
192370
192520
192613
192724
192823
192891
192916
192988
193001
193024
193201
193260
193285
193322
193778
193980
194024
194163
194376
195100
195182
195223
195262
195279
195365
195385
195685
195840
195857
195968
196174
196370
196375
196380
196454
196480
196676
196686
196906
196979
197050
197251
197500
197526
197550
197698
197781
197891
198023
198032
198207
198218
198448
198519
198551
198579
198603
198699
199140
199216
199295
199370
199440
199497
199704
199726
199991
200337
200417
200619
200667
200962
200965
200977
201042
201051
201091
201142
201194
201451
201550
201729
202010
202300
202344
202424
202636
203012
203265
203349
203690
203752
203958
203970
204298
204422
204424
204455
204568
204597
204664
204750
204780
204844
205000
205179
205210
205324
205353
205494
205501
205662
205844
205862
206163
206172
206243
206426
206520
206613
206642
206774
206778
206792
207151
207242
207273
207308
207447
207461
207529
207592
207878
207905
207907
207953
207960
208135
208165
208178
208218
208256
208267
208347
208401
208422
208665
209038
209157
209201
209282
209379
209402
209428
209500
209506
209771
209939
210038
210051
210425
210453
210465
210577
210621
210652
210721
210795
210822
210846
210849
210902
210904
210914
210959
210974
210994
211256
211264
211345
211656
211714
211742
212061
212116
212326
212518
212841
213232
213617
213882
213886
213929
213947
214119
214121
214134
214273
214365
214567
214581
214702
214757
214788
214855
215043
215110
215120
215265
215344
215352
215453
215553
215605
215704
215717
215889
215966
216119
216269
216319
216400
216437
216438
216455
216534
216609
216621
216656
216699
216749
216757
216788
216837
216838
216922
216968
216976
217037
217143
217146
217259
217614
217710
217943
218214
218323
218475
218479
218702
218768
218908
218997
219088
219120
219167
219297
219443
219490
219500
219631
219635
219799
219802
219815
219982
220125
220302
220311
220344
220476
220483
220510
220529
220581
220767
220909
220991
221086
221088
221241
221246
221306
221367
221403
221431
221491
221496
221548
221564
221639
221672
221775
221831
221906
221917
221950
221997
222098
222205
222244
222355
222792
222973
223030
223130
223273
223280
223958
224050
224095
224363
224414
224607
224865
224898
224942
224991
224998
225061
225309
225332
225463
225542
225551
225606
225629
225838
225878
226164
226188
226485
226547
226687
226873
226888
226895
227047
227081
227181
227193
227259
227260
227280
227296
227539
227610
227692
227729
227755
227762
227772
227830
227874
228138
228160
228378
228416
228449
228495
228523
228526
228682
229090
229380
229577
230083
230102
230368
230425
230498
230551
230803
230884
230922
230984
231115
231143
231264
231382
231539
231549
231594
231712
231764
231834
232036
232042
232110
232309
232550
232657
232788
232876
232987
232998
233132
233306
233317
233410
233505
233538
233580
233603
233893
234037
234046
234087
234097
234118
234140
234268
234484
234709
234861
234890
234907
234920
235030
235153
235313
235883
235994
236031
236238
236464
236888
237107
237233
237589
237627
237874
238010
238185
238299
238303
238410
238426
238488
238519
238563
238627
238840
238874
239338
239359
239363
239429
239446
239639
239657
239813
239982
240049
240266
240338
240394
240410
240416
240649
240673
240730
240883
240932
241185
241204
241298
241386
241454
241571
241596
241599
241617
241638
241658
241784
241921
241951
242038
242113
242215
242311
242432
242466
242638
242714
242985
243062
243071
243122
243128
243146
243467
243688
243848
243856
243908
244103
244127
244344
244811
244844
245117
245175
245204
245249
245378
245427
245547
245585
245636
245659
245783
245868
245962
246271
246314
246576
246666
247012
247099
247173
247270
247415
247899
248096
248298
248617
248739
248768
248980
248998
249002
249025
249058
249185
249292
249757
250068
250072
250093
250157
250618
250767
250786
250797
251131
251287
251339
251350
251405
251448
251464
251876
251905
252217
252221
252351
252501
252674
252727
252787
252989
253190
253271
253315
253414
253482
253576
253806
254006
254025
254048
254184
254301
254331
254422
254614
254826
254947
255016
255183
255314
255449
255485
255588
255685
255745
255801
255841
256256
256352
256354
256394
256418
256481
256570
256591
256615
256651
256777
256795
256856
256894
257089
257112
257419
257497
257506
257643
257822
258138
258232
258388
258533
258613
258714
258943
258992
259049
259137
259179
259369
259401
259506
259664
259961
260029
260246
260253
260301
260320
260363
260446
260522
260569
260574
260602
260645
260748
260933
260990
261024
261037
261235
261255
261377
261468
261715
261770
261817
261828
262101
262218
262528
262567
262618
262691
262733
263001
263012
263274
263432
264074
264120
264191
264268
264290
264768
264777
264817
264883
264941
265041
265047
265095
265149
265196
265265
265424
265529
265553
265585
265869
266146
266335
266507
266611
266662
266924
267014
267122
267290
267321
267357
267366
267565
267613
267724
267914
268029
268088
268162
268222
268450
268552
268607
268653
268784
268931
268959
268959
269096
269176
269327
269339
269415
269430
269541
269603
269674
270033
270034
270061
270228
270244
270341
270582
270656
270750
270934
271175
271435
271518
271783
271963
271964
272113
272231
272265
272265
272421
272532
272738
272771
272825
272840
272979
273158
273182
273330
273396
273450
273530
273631
273833
273882
273968
273976
273992
274081
274309
274366
274486
274499
274521
274564
274603
274612
274629
274689
274716
274769
275229
275426
275482
275748
275804
275892
275991
276242
276276
276313
276470
276560
276645
276735
276810
276862
276978
276984
277320
277330
277348
277521
277566
277660
277734
277777
277854
277923
278004
278019
278039
278096
278215
278303
278312
278365
278442
278562
278599
278638
278716
278784
278792
279362
279451
279460
279514
279633
279653
279853
280030
280067
280097
280186
280233
280305
280331
280388
280417
280574
280662
280833
280901
281072
281078
281161
281272
281313
281565
281797
281797
281860
282077
282190
282282
282552
282598
282615
282683
282875
282971
282989
283056
283161
283226
283402
283410
283434
283583
283643
283783
283797
283815
283898
283993
284046
284212
284418
284469
284638
284742
284915
284918
285036
285067
285121
285211
285540
285562
285570
285660
285761
285824
285841
285903
286150
286171
286431
286550
286639
286825
286899
287263
287275
287318
287340
287355
287464
287716
287840
287970
288063
288140
288142
288210
288346
288552
288751
288765
288772
288784
288927
289269
289420
289423
289455
289630
289664
289865
290021
290089
290298
290312
290318
290349
290363
290423
290462
290649
290650
290722
290763
290787
291170
291240
291247
291651
291763
291818
291821
291906
291909
291920
291924
292032
292055
292058
292111
292116
292119
292223
292310
292439
292468
292589
292678
292782
292909
293024
293030
293199
293354
293406
293466
293566
293755
293761
293829
293910
293988
294005
294031
294186
294328
294334
294433
294716
294716
294734
294791
294793
294889
295058
295202
295312
295411
295482
295540
295577
295577
295609
295681
295729
295763
295884
295947
296051
296053
296062
296126
296135
296146
296193
296232
296275
296315
296663
296895
296981
297075
297173
297174
297185
297194
297269
297276
297294
297345
297383
297447
297556
297614
297667
297714
297890
297923
297947
298006
298125
298139
298141
298267
298320
298396
298534
298815
298887
298940
298955
299089
299107
299326
299344
299610
299692
299780
299805
299894
299912
300036
300284
300373
300861
300894
301026
301084
301194
301475
301914
301932
301980
301990
302000
302154
302420
302585
302791
302895
303122
303184
303270
303426
303461
303616
303739
303920
303949
303968
304014
304086
304195
304240
304325
304349
304452
304556
304587
304625
304850
305037
305071
305088
305245
305298
305355
305427
305433
305452
305531
305557
305587
305871
305909
306186
306428
306581
307107
307157
307300
307321
307356
307518
307543
307575
307610
307644
307671
307683
307726
307773
307896
307932
307986
308034
308302
308387
308467
308496
308557
308557
308711
309212
309340
309574
309581
309793
309868
309908
310013
310206
310221
310451
310464
310563
310589
310677
310702
310704
310746
310785
310860
310903
311076
311264
311492
311492
311720
311746
311879
311902
312048
312085
312101
312142
312154
312211
312216
312221
312348
312512
312523
312652
312954
312992
313081
313165
313361
313365
313520
313631
313711
313762
314135
314270
314387
314407
314547
314606
314618
314670
314857
314964
314971
315037
315495
315523
315586
315664
315677
315777
315904
315925
316176
316384
316632
316658
316694
316712
316790
316794
316957
317111
317296
317305
317310
317619
317778
317801
317824
317905
318108
318123
318229
318287
318325
318417
318760
318915
319163
319295
319403
319430
319729
319828
319835
319944
319953
320165
320187
320293
320305
320363
320379
320388
320548
320698
321025
321066
321096
321206
321226
321265
321286
321428
321576
321706
321849
322034
322095
322360
322610
322880
322904
322907
323011
323400
323429
323457
323570
323801
324116
324323
324566
324589
324811
324821
324872
324917
324959
325353
325380
325414
325535
325718
325789
325887
325889
325903
326040
326041
326340
326652
326660
326896
326934
327153
327192
327327
327333
327664
327964
327989
328230
328242
328281
328421
328451
328494
328600
328676
328694
328717
328752
328982
329233
329284
329340
329408
329495
329543
329595
329698
329777
329846
329913
330305
330368
330549
330644
330858
330900
330956
331183
331358
331449
331603
331620
331685
331723
331841
332109
332228
332340
332601
332851
332856
332957
332972
333085
333091
333092
333108
333144
333400
333421
333524
333533
333589
333596
333720
333856
333898
333932
334048
334184
334363
334421
334464
334647
334675
334808
335202
335350
335511
335605
335679
336004
336009
336050
336100
336116
336127
336168
336188
336355
336583
336679
336686
336911
337078
337138
337178
337189
337317
337393
337733
337777
337886
337981
338105
338163
338339
338561
338675
338710
338760
338810
338952
339006
339065
339094
339122
339271
339404
339508
339684
339836
339867
339938
339941
340105
340127
340178
340180
340278
340338
340418
340451
340507
340552
340565
340634
340676
340719
340794
340803
340873
340924
340927
341086
341204
341365
341450
341454
341466
341555
341851
341942
342175
342244
342285
342468
342521
342543
342685
342710
342767
342778
342920
343057
343200
343235
343427
343482
343686
343690
343835
343925
344004
344054
344185
344244
344279
344364
344454
344507
344563
344658
344777
345019
345302
345347
345375
345481
345574
345698
345801
345805
345824
345854
346030
346133
346373
346401
346452
346475
346739
347041
347104
347172
347218
347248
347302
347904
347998
348136
348280
348415
348444
348491
348913
348948
349051
349065
349065
349527
349638
349747
349924
349943
349991
350132
350160
350216
350240
350308
350351
350606
350701
350956
351126
351200
351302
351438
351475
351656
351687
351791
351968
352091
352110
352157
352331
352360
352372
352588
352684
352768
352932
353126
353293
353326
353353
353444
353568
353836
354206
354310
354329
354337
354394
354533
354585
354705
354862
354942
355158
355492
355505
355520
356083
356152
356180
356272
356515
356735
356770
356880
356939
356961
357164
357193
357501
357577
357613
357761
357927
357930
358044
358080
358361
358449
358622
358843
358955
359176
359258
359278
359318
359423
359458
359661
359765
360280
360313
360391
360509
360530
360601
360861
360863
360891
360942
361069
361216
361425
361501
361533
361550
361563
361646
361669
361813
361835
361913
361939
361991
362154
362347
362404
362410
362430
362506
362521
362617
362687
362715
362912
362927
363001
363147
363392
363455
363554
363572
363975
364037
364067
364100
364194
364196
364221
364280
364422
364435
364485
364497
364497
364512
364553
364628
364630
364691
364747
364766
365127
365189
365212
365380
365411
365613
365836
365952
366013
366029
366051
366464
366543
366571
367043
367074
367079
367174
367189
367214
367315
367663
367845
368297
368354
368424
368561
368620
368652
368674
368707
368766
368766
368917
368926
368937
369052
369198
369731
369891
370070
370079
370173
370354
370387
370546
370619
370749
370838
370932
371025
371297
371485
371967
372218
372230
372344
372361
372444
372669
372773
373105
373195
373282
373665
373781
373959
373964
374407
374481
374625
374678
374759
374923
374945
374976
375056
375147
375151
375167
375242
375305
375310
375430
375528
375576
375738
375783
376025
376053
376071
376139
376150
376183
376236
376306
376385
376613
376624
376723
376856
377152
377347
377580
377584
377676
378058
378290
378345
378408
378442
378452
378626
378935
379015
379133
379368
379440
379441
379536
379664
379718
379954
380086
380148
380254
380617
380640
380685
380717
380903
381290
381447
381620
381647
381702
381774
381889
382038
382208
382310
382343
382385
382401
382406
382431
382448
382553
382688
382711
382848
383193
383213
383317
383440
383527
383673
383839
383992
384207
384207
384326
384577
384793
384839
384925
384935
384948
384992
385028
385057
385108
385115
385256
385276
385299
385301
385310
385513
385633
385633
385819
386044
386093
386111
386364
386365
386569
386570
386605
386614
386745
386813
386871
386885
386888
386914
386962
386966
387152
387253
387284
387338
387388
387473
387564
387665
387678
387848
387849
387893
388014
388062
388082
388213
388281
388311
388318
388423
388487
388512
388534
388671
388881
388896
388988
389155
389254
389289
389306
389363
389380
389418
389426
389513
389554
389560
389621
389626
389660
389696
390069
390077
390112
390183
390350
390375
390415
390553
390691
390733
390821
390854
390874
390967
391032
391333
391750
391752
391893
391947
392129
392206
392474
392483
392524
392583
392617
392677
392777
392906
393302
393302
393369
393373
393395
393400
393417
393665
393782
393851
393865
393908
393923
394133
394193
394234
394482
394515
394595
394625
394737
394995
395003
395194
395194
395449
395550
395566
395585
395870
395967
396083
396142
396160
396255
396302
396414
396662
396696
396750
396765
396811
396839
396841
397001
397023
397338
397412
397583
397782
397790
397794
397824
397880
397940
398076
398095
398118
398132
398208
398233
398282
398299
398310
398436
398528
398658
398703
398812
398835
399275
399365
399412
399631
399694
399862
399891
400030
400088
400433
400489
400583
400765
400777
400993
401010
401090
401124
401304
401322
401496
401578
401697
402191
402230
402233
402346
402500
402583
402679
402880
402883
402944
402984
403006
403281
403290
403497
403583
403668
403747
403802
403959
404129
404256
404306
404393
404395
404536
404808
404940
405103
405252
405315
405357
405521
405543
405663
405734
405737
405860
406033
406096
406274
406308
406512
406522
406577
406815
407030
407144
407174
407221
407281
407284
407288
407341
407393
407444
407505
407557
407863
407894
407910
408005
408038
408108
408136
408162
408170
408194
408265
408295
408311
408341
408352
408383
408500
408571
408584
408597
408760
408824
408838
408868
408977
409224
409225
409400
409516
409686
409702
409818
410025
410085
410107
410135
410145
410166
410244
410397
410459
410466
410627
410813
410817
410861
410875
410918
410929
410999
411108
411108
411252
411320
411361
411413
411436
411515
411609
411695
411788
411804
412015
412109
412196
412222
412235
412270
412427
412453
412546
412566
412570
412631
412697
412741
412746
412757
413040
413053
413392
413416
413437
413662
413689
413700
413807
413840
413924
414085
414133
414207
414284
414427
414504
414530
414533
414611
414643
414705
414756
414808
414925
415094
415134
415211
415441
415513
415609
415692
415773
415791
415873
415891
415962
416088
416097
416251
416338
416425
416587
416679
416759
416796
416816
416891
416911
416977
416980
416996
417161
417167
417259
417310
417816
417880
418230
418365
418430
418460
418621
418678
418810
419098
419148
419160
419279
419365
419425
419541
419553
419623
419736
419746
419887
419904
419918
419970
420471
420629
420862
420994
420999
421266
421463
421517
421615
421620
421789
421927
421984
422059
422065
422184
422216
422295
422389
422501
422511
422778
422820
422902
423233
423254
423259
423347
423380
423594
423613
423695
423990
424065
424186
424481
424553
424842
424946
424969
424979
425066
425141
425253
425398
425570
425716
425740
425749
425956
426004
426101
426111
426220
426275
426375
426383
426408
426719
426773
426834
426835
426975
427042
427053
427220
427287
427376
427493
427664
427745
427770
427780
427870
427926
428009
428173
428268
428409
428559
428644
428838
428906
429031
429086
429087
429095
429100
429165
429170
429417
429630
429691
429717
429947
429965
430025
430038
430082
430219
430268
430631
430773
430810
430816
430906
431008
431260
431311
431414
431432
431589
432076
432312
432377
432593
432700
432713
432795
432825
432876
432880
432921
432935
432945
432989
433041
433074
433184
433217
433249
433275
433298
433306
433323
433410
433430
433706
433764
433969
434113
434131
434212
434376
434387
434488
434512
434766
434795
434796
434891
434934
434950
435073
435195
435210
435300
435423
435724
435736
435864
435866
436119
436135
436327
436391
436496
436561
436571
436600
436791
436834
436926
437059
437105
437118
437147
437184
437190
437411
437411
437561
437601
437639
437640
437675
437680
437855
437941
437944
437955
437960
438096
438186
438190
438268
438422
438480
438587
438694
438918
438979
439198
439205
439219
439603
439609
439825
439833
439866
439907
439915
439930
440008
440011
440083
440105
440231
440245
440276
440375
440438
440441
440450
440482
440639
440640
440711
440785
440821
441034
441061
441160
441184
441217
441233
441309
441352
441527
441529
441569
441780
441905
441918
441942
442060
442251
442325
442372
442410
442627
442682
442808
442826
443132
443171
443517
443525
443630
443758
443883
443939
443984
444476
444498
444712
444896
444989
445094
445177
445237
445337
445353
445479
445503
445599
445708
445786
445858
445861
445879
445906
446265
446351
446780
446806
446892
447011
447016
447049
447080
447091
447202
447280
447352
447435
447537
447556
447630
447643
447674
447736
447796
448149
448307
448414
448646
448672
448804
448824
448830
448881
449094
449099
449140
449198
449267
449330
449397
449478
449479
449505
449628
449789
449800
449828
449844
449879
449902
449946
450056
450203
450222
450242
450289
450299
450312
450414
450494
450526
450654
450754
451041
451202
451272
451278
451604
451644
451684
451759
452207
452359
452382
452419
452446
452598
452661
452715
452739
452822
452849
452862
452933
452974
453055
453073
453085
453327
453728
453959
454197
454843
454872
454966
454970
455029
455319
455339
455385
455488
455522
455540
455598
455630
455659
455664
455742
455754
455773
455812
455951
455977
456088
456229
456398
456404
456654
456698
456711
456732
456898
457210
457275
457379
457533
457595
457603
457619
457631
457813
457927
457936
457966
458102
458103
458222
458278
458342
458371
458489
458742
458770
458851
458869
458952
459016
459055
459059
459267
459492
459655
459975
460062
460189
460258
460301
460502
460572
461030
461228
461391
461586
461747
461844
462066
462110
462138
462139
462175
462435
462536
462778
462972
463030
463064
463199
463321
463593
463708
463792
463931
464063
464111
464146
464175
464200
464226
464385
464500
464762
464968
465056
465061
465348
465415
465489
465519
465694
465713
465825
465880
466208
466216
466291
466295
466318
466727
466742
466754
466821
466912
467001
467135
467190
467301
467340
467415
467418
467616
467631
467786
468181
468255
468349
468418
468430
468532
468554
468568
468683
468762
468800
468824
468864
468977
469086
469105
469307
469472
469670
469750
469823
469887
469992
470068
470088
470169
470257
470269
470342
470769
470790
470856
471053
471089
471114
471327
471458
471466
471562
471579
471666
471946
472069
472086
472254
472266
472280
472320
472554
472851
472857
473093
473105
473182
473253
473268
473474
473593
473625
473686
474097
474177
474232
474628
474652
474712
474813
474944
474956
474976
475136
475155
475217
475521
475532
475879
475888
475896
475897
476213
476325
476378
476404
476451
477021
477033
477060
477309
477423
477545
477612
477626
477639
477889
477944
477978
478250
478354
478424
478436
478569
478612
478689
478716
478722
478919
479062
479127
479329
479362
479421
479569
479599
479645
479664
479766
479859
479907
479912
480028
480548
480552
480563
480695
480717
480776
480818
480880
480890
480897
480902
481001
481171
481226
481266
481403
481446
481466
481479
481560
481572
481719
481923
481946
482039
482168
482237
482278
482399
482404
482525
482539
482642
482753
482858
482959
483046
483086
483416
483484
483805
483880
483921
483942
483995
484099
484146
484202
484368
484479
484525
484564
484606
484625
484710
484738
484752
484983
485030
485095
485103
485222
485386
485548
485572
485594
485643
485825
485878
485977
486108
486250
486267
486274
486638
486729
486750
486792
486842
486859
486875
486900
486934
487003
487224
487227
487234
487298
487766
487931
488018
488085
488109
488275
488422
488466
488551
488624
488681
489001
489065
489195
489256
489278
489322
489564
489660
489744
489747
490004
490126
490284
490575
490641
490964
490986
491058
491114
491173
491184
491235
491398
491444
491704
491954
491968
492086
492110
492382
492454
492461
492596
492742
492764
492814
492816
492836
492875
492972
493067
493133
493179
493183
493224
493267
493325
493507
493629
493710
493745
493913
493947
493959
494185
494311
494357
494368
494390
494634
494658
494763
494809
494972
495081
495105
495170
495236
495482
495650
495658
495760
495835
495952
496024
496355
496428
496583
496839
496873
496926
497103
497107
497131
497143
497560
497613
497726
497751
498199
498441
498495
498532
498581
498683
498727
498793
498832
498954
499196
499207
499350
499374
499396
499416
499463
499675
499793
500033
500055
500117
500141
500194
500430
500437
500668
500669
500686
500762
500796
500935
501028
501092
501209
501278
501421
501442
501682
501831
501855
501861
501919
502085
502134
502309
502325
502369
502704
502749
502881
502930
502938
503219
503240
503441
503749
503908
503950
504064
504466
504656
504664
504671
504691
504730
504749
504758
504795
504990
505006
505049
505141
505143
505197
505402
505605
505856
505862
505914
505928
505984
506036
506043
506324
506470
506527
506627
506768
506823
506929
506938
507125
507199
507220
507240
507359
507664
507725
507771
507843
507958
508168
508250
508275
508535
508558
508559
508643
508681
508837
508843
508853
508921
509026
509132
509174
509195
509332
509485
509537
509556
509607
509627
509798
509851
510016
510076
510151
510504
510679
510834
510945
510952
511046
511075
511147
511178
511375
511444
511500
511579
511739
511827
511920
512047
512072
512156
512360
512407
512448
512473
512632
512665
512781
512903
512949
512990
513006
513209
513332
513335
513368
513413
513781
513808
513833
513855
513867
513881
514050
514295
514469
514609
514637
514664
514669
514717
514777
514782
514806
514828
514938
515156
515209
515331
515368
515377
515409
515417
515439
515574
515616
515650
515651
515701
515793
515856
515885
515974
515989
516098
516358
516569
516718
516825
516918
517163
517260
517322
517333
517387
517394
517433
517641
517843
518096
518103
518251
518323
518442
518464
518654
519024
519091
519117
519254
519275
519435
519480
519535
519569
519613
519619
519639
519729
519760
520146
520263
520269
520312
520348
520380
520915
520915
521117
521160
521210
521395
521491
521603
521633
521655
521822
521905
521967
522157
522241
522478
522518
522871
522878
523020
523022
523056
523105
523244
523298
523319
523372
523593
523609
523628
523741
523991
524028
524174
524273
524326
524374
524432
524475
524492
524615
524671
524694
524930
524990
525274
525353
525386
525459
525493
525671
525848
525997
526108
526187
526237
526315
526498
526572
526781
526849
526904
527455
527492
527552
527581
527624
527649
527674
527711
527724
527745
527909
527922
528052
528060
528174
528174
528578
528609
528709
528800
528977
529030
529055
529424
529493
529559
529617
529648
529694
529716
529786
529819
529857
529900
529910
529951
530007
530011
530225
530247
530260
530500
530747
530833
530951
530962
530994
531020
531032
531099
531660
531796
531894
531905
531974
532064
532271
532355
532406
532418
532578
532827
532883
532900
533062
533064
533087
533205
533315
533465
533625
533711
533835
533943
534125
534351
534469
534489
534533
534548
534598
534603
534733
534847
535098
535408
535515
535556
535606
535607
535671
535724
535774
535853
535904
535918
535996
536049
536171
536179
536197
536468
536857
536858
536907
537239
537255
537690
537893
537976
538075
538488
538740
539027
539103
539189
539458
539485
539831
540038
540319
540375
540387
540533
540710
540720
540747
540901
540906
540921
540983
541257
541360
541489
541575
541609
541750
541896
541929
541943
541973
542001
542019
542047
542246
542347
542630
542692
542739
542755
543044
543153
543167
543216
543279
543288
543470
543558
543688
543694
543746
543751
543830
543858
544003
544020
544107
544238
544355
544382
544434
544478
544493
544569
544885
545038
545044
545104
545257
545260
545280
545302
545343
545347
545393
545755
545954
546063
546329
546371
546867
546874
546949
547190
547201
547322
547379
547498
547509
547521
547618
547658
547980
548099
548214
548280
548300
548400
548437
548533
548635
548831
548891
548947
549104
549121
549309
549399
549506
549893
550016
550140
550151
550183
550194
550299
550307
550445
550518
550541
550686
550690
550784
550835
550902
551043
551047
551095
551104
551135
551318
551404
551580
551696
551712
551751
552062
552062
552115
552124
552234
552247
552340
552350
552424
552432
552660
552677
552702
552782
552856
552941
553004
553347
553556
553634
554016
554035
554063
554066
554287
554297
554306
554509
554642
554648
554734
554919
555198
555261
555286
555555
555558
555723
556113
556133
556179
556209
556295
556492
556682
556791
556823
556973
557176
557299
557392
557482
557608
557612
557656
557860
557892
557980
558025
558034
558102
558295
558410
558454
558685
558731
558812
558901
558940
559051
559256
559387
559613
559642
559804
559846
559954
559983
560026
560060
560074
560142
560172
560204
560308
560443
560958
560970
561073
561218
561254
561309
561353
561449
561584
561632
561639
561687
561803
561919
561953
561981
562041
562085
562086
562263
562348
562363
562605
562729
562779
562977
563177
563235
563353
563357
563400
563512
563525
563682
563747
563753
563799
563923
564138
564184
564219
564293
564296
564297
564302
564409
564462
564468
564595
564642
564773
564817
564827
564920
564933
565018
565043
565288
565407
565545
565553
565571
565649
565661
565707
565773
566132
566184
566210
566385
566427
566465
566614
566670
566722
566724
566863
566874
566949
566975
567043
567232
567251
567402
567407
567492
567621
567726
567824
567885
568001
568267
568335
568357
568361
568439
568653
568746
568758
568902
569124
569237
569366
569368
569446
569611
569692
569932
569966
570017
570071
570077
570089
570203
570325
570370
570378
570458
570611
570621
570798
570865
571382
571406
571481
571490
571537
571672
571740
571764
571803
571836
571859
571923
571977
572121
572253
572281
572326
572335
572743
572758
572788
572886
572919
572949
573175
573215
573261
573356
573727
573848
574082
574211
574344
574444
574490
574604
574627
574669
574725
574813
574865
574901
574907
575093
575128
575189
575434
575691
575691
575703
575874
576216
576346
576383
576500
576585
576609
576722
576729
576778
576808
576833
577061
577097
577158
577182
577293
577330
577404
577495
577633
577706
577752
577887
577925
577961
578043
578089
578154
578157
578180
578202
578243
578343
578408
578425
578438
578586
578592
578693
578719
578804
578823
578830
578887
578890
579111
579171
579172
579336
579421
579537
579558
579638
579746
579966
579978
579989
579996
580037
580050
580088
580183
580407
580479
580480
580877
581074
581085
581145
581250
581373
581485
581527
581628
581637
581691
581709
581770
582008
582009
582081
582183
582307
582449
582486
582509
582710
582717
582764
582853
582996
583168
583247
583426
583665
583725
583763
583864
583880
584174
584281
584295
584430
584449
584973
584977
585010
585076
585152
585207
585227
585246
585383
585457
585495
585545
585570
585773
585792
585951
585956
585998
586256
586265
586497
586581
586614
586678
586826
586844
586916
586934
587046
587107
587172
587248
587330
587444
587477
587604
587702
587826
587930
587941
588061
588234
588545
588701
588874
589018
589043
589334
589566
589668
590037
590037
590098
590235
590273
590282
590464
590467
590602
590669
591051
591092
591339
591341
591394
591425
591729
591819
591820
591864
591901
592645
592676
592733
592805
592837
592855
593417
593487
593710
593719
593719
593748
593781
593860
593934
594013
594037
594061
594096
594411
594467
594553
594586
594587
594685
594798
594799
594908
594990
595017
595130
595152
595155
595238
595519
595535
595602
595676
595778
595845
595882
596042
596139
596353
596384
596779
596782
596813
596824
596843
596876
597035
597082
597082
597345
597452
597722
598025
598032
598113
598167
598275
598469
598580
598889
599275
599390
599462
599568
599655
599935
600039
600060
600061
600183
600197
600418
600492
600570
600805
600811
601010
601378
601495
601509
601612
601679
601845
601863
601980
602136
602170
602295
602467
602570
602663
602668
602694
602713
602844
602873
602876
602924
602953
603062
603190
603192
603214
603274
603334
603349
603355
603368
603529
603701
603713
603899
603903
604040
604097
604164
604400
604482
604573
604821
604932
604982
605048
605213
605250
605409
605463
605490
605553
605721
605862
606036
606061
606064
606140
606243
606446
606491
606534
606724
606853
606854
606871
606892
606893
606966
606975
606989
607355
607359
607481
607503
607529
607543
607669
607755
607784
607891
607901
608079
608326
608581
609012
609140
609264
609291
609335
609351
609430
609648
609734
609747
609841
609936
610072
610096
610098
610152
610261
610267
610274
610312
610711
610921
610996
611077
611129
611280
611468
611476
611846
611950
612009
612059
612400
612477
612527
612563
612572
612594
612632
612669
612736
612762
612905
613266
613800
613859
613865
614226
614268
614415
614451
614454
614507
614719
614757
614793
614953
615255
615260
615262
615346
615372
615546
615661
615763
615821
615919
616061
616096
616149
616442
616562
616662
616755
616763
616890
616943
617195
617337
617360
617367
617390
617561
617751
617815
617815
617899
618036
618119
618177
618226
618540
618717
618826
618839
618958
619026
619148
619337
619471
619473
619596
619621
619739
619871
619990
620023
620099
620156
620259
620288
620482
620621
620874
620888
620984
621009
621025
621234
621268
621291
621297
621300
621419
621514
621519
621547
621565
622001
622067
622100
622271
622467
622511
622519
622584
623042
623047
623048
623092
623384
623495
623591
623594
623828
624026
624101
624199
624330
624429
624433
624478
624543
624595
624608
624752
624857
624872
624879
624891
624945
625030
625198
625292
625337
625592
625689
625757
625775
625824
625850
625860
625894
626129
626387
626483
626691
626703
626703
626821
626854
626866
626904
626915
627226
627247
627297
627321
627621
627750
627836
627957
628101
628133
628135
628344
628474
628553
628742
628752
628775
628824
628851
629080
629410
629416
629429
629460
629478
629573
629924
629947
629974
630181
630277
630334
630416
630518
630550
630876
630902
631004
631068
631107
631166
631168
631340
631434
631571
631578
631676
631722
631826
631849
631895
631958
632085
632142
632169
632192
632285
632528
632638
632707
632904
632981
633030
633034
633081
633180
633188
633249
633259
633292
633354
633521
633625
633681
634040
634172
634172
634242
634283
634320
635050
635142
635248
635591
635750
635778
636020
636058
636274
636365
636678
636731
636789
636853
637243
637354
637390
637512
637531
637535
637728
637800
637982
638193
638198
638262
638386
638393
638400
638431
638640
638663
638957
639076
639501
639508
639509
639552
639616
639744
639839
639878
639982
640038
640145
640161
640167
640447
640557
640580
640738
640808
640972
640978
641089
641161
641215
641303
641361
641439
642058
642115
642195
642225
642233
642243
642377
642390
642411
642420
642528
642557
642640
642693
642832
642867
642962
643095
643261
643399
643482
643670
643721
644144
644383
644453
644639
644656
644670
644702
644808
644828
645079
645202
645468
645494
645730
645732
646012
646030
646071
646187
646537
646643
647038
647434
647462
647478
647565
647709
647794
647795
647876
648000
648056
648341
648418
648629
648654
648776
648935
649062
649285
649542
649600
649646
649711
649770
649943
649946
649999
650030
650043
650260
650281
650331
650373
650493
650557
650584
650615
650731
650757
650758
650792
650970
651020
651084
651234
651238
651352
651447
651465
651774
651986
652057
652109
652162
652167
652245
652494
652544
652692
652818
652830
652921
652979
653156
653204
653224
653244
653434
653486
653497
653527
653635
653719
653736
653831
653857
653938
653969
653982
653989
654078
654207
654268
654633
654655
654703
654833
654855
654860
654960
655043
655501
655594
655603
655659
655781
656018
656175
656218
656518
656551
656570
656628
656692
656951
656959
656968
657020
657048
657165
657203
657399
657444
657473
657502
657540
657567
657652
657821
657851
657874
657973
658135
658514
658525
658563
658647
659166
659176
659189
659240
659618
659632
659633
659640
659652
659666
659687
659901
660053
660055
660151
660200
660220
660319
660397
660437
660574
660668
660765
660775
660861
661096
661154
661288
661816
661831
661873
661906
661929
662182
662239
662283
662310
662403
662468
662531
662561
662655
662741
662820
662868
662949
662961
663077
663145
663150
663188
663236
663670
663776
663783
663800
663835
663986
664134
664166
664168
664235
664464
664712
664804
664838
664840
664922
665131
665438
665612
665670
665701
665707
665841
666027
666261
666416
666547
666810
666909
667009
667068
667503
667528
667582
667679
667857
667900
667986
668003
668207
668379
668485
668542
668638
668641
668680
668976
669227
669300
669343
669360
669424
669485
669493
669525
669590
669710
669718
669834
669984
670276
670294
670407
670565
670598
670605
670695
670714
670849
670889
670895
671029
671053
671160
671227
671268
671310
671347
671422
671435
671525
671537
671663
672060
672065
672129
672369
672469
672571
672813
672889
672976
673049
673123
673190
673266
673509
673539
673544
673760
673766
673817
673874
674094
674107
674387
674417
674482
674511
674542
674724
674767
674772
674786
674804
674981
675060
675321
675375
675397
675550
675695
675828
675906
675968
675971
676030
676116
676119
676124
676241
676826
676827
676835
676878
676917
676919
676984
677000
677258
677344
677405
677537
677590
677649
677649
678099
678250
678252
678401
678526
678543
678574
678739
678846
678888
679214
679256
679273
679295
679369
679410
679567
679588
679629
679634
679844
679851
680007
680045
680217
680414
680481
680804
680913
680940
681039
681052
681162
681231
681424
681588
682040
682179
682275
682374
682416
682780
683034
683140
683149
683209
683211
683343
683434
683502
683731
683773
683785
684084
684316
684390
684444
684619
684727
684751
684787
684878
684950
684973
685228
685407
685572
685582
685601
685654
685933
686105
686286
686292
686467
686469
686497
686835
686929
687130
687141
687151
687399
687576
687595
687618
687828
687863
687884
687936
688038
688223
688246
688379
688386
688477
688592
688620
688762
688771
688802
688839
688947
688968
688985
689025
689057
689166
689445
689448
689476
689532
689567
689741
689792
689907
690028
690097
690142
690296
690475
690505
690689
690698
690766
690824
690852
690959
691141
691168
691245
691316
691455
691622
691693
691709
691769
691969
692013
692202
692367
692381
692454
692506
692599
692686
692692
692805
693025
693041
693199
693473
693567
693708
693720
693744
693871
693949
693957
693971
694039
694155
694170
694198
694250
694384
694640
694842
695322
695343
695450
695502
695708
695715
695791
695799
696089
696104
696138
696367
696467
696534
696969
696997
697256
697310
697394
698092
698173
698240
698415
698437
698517
698649
698754
698759
698855
698872
699136
699193
699296
699298
699359
699474
699662
699672
699836
699940
699965
699986
700037
700115
700120
700122
700194
700197
700332
700378
700394
700415
700566
700703
700743
701082
701137
701147
701252
701270
701377
701475
701514
701816
701824
701939
702104
702227
702263
702319
702481
702579
702596
702695
702715
703238
703375
703416
703429
703928
703956
704224
704266
704486
704518
704952
705009
705489
705524
706182
706309
706432
706486
706528
706633
706721
706906
706911
707216
707362
707543
707716
707768
707777
707792
707808
707942
707945
707968
708068
708494
708539
708573
708866
708999
709054
709134
709389
709566
709580
709609
709881
709924
710039
710145
710198
710470
710795
711064
711143
711154
711159
711261
711279
711407
711528
711546
711604
711638
711717
711777
711824
711883
711934
711985
712026
712040
712055
712088
712174
712176
712461
712472
712584
712602
712602
712762
712855
712872
712900
712961
712985
712994
713211
713266
713324
713387
713486
713496
713633
713798
713959
713987
714083
714280
714346
714570
714703
714861
715076
715229
715234
715512
715631
715681
715850
716149
716604
716660
716711
716875
716876
717197
717309
717475
717486
717516
717562
717594
717596
717745
717888
717939
717997
718185
718193
718272
718316
718364
718367
718472
718479
718660
718747
718935
719052
719269
719489
719551
719589
719638
719683
719801
719834
719902
719905
720086
720122
720144
720354
720491
720542
720568
720584
720645
720705
720855
720876
721070
721092
721388
721441
721553
721601
721845
721942
721973
721993
722016
722268
722326
722499
722592
722669
722723
722730
722836
723531
723561
723674
723674
723721
723744
723771
723889
723923
723933
724098
724229
724244
724253
724291
724354
724772
724787
724895
724896
724941
725076
725179
725372
725606
725621
725710
725753
725782
725852
725987
726045
726067
726072
726134
726289
726357
726373
726387
726464
726546
726547
726572
726782
726821
726842
726952
727038
727326
727400
727518
727746
727872
727888
727973
728003
728003
728114
728185
728257
728353
728500
728618
728773
728782
728793
728846
728937
729050
729109
729260
729485
729514
729672
729687
729746
729756
729972
729992
730142
730153
730268
730337
730378
730477
730490
730554
730640
730735
730784
730918
730941
731075
731331
731443
731502
731590
731685
731710
731760
731803
731916
732016
732041
732140
732183
732303
732480
732622
732754
732791
732842
732909
732967
733048
733237
733311
733494
733571
733804
733851
733958
734108
734113
734238
734242
734243
734570
734648
734999
735080
735170
735193
735263
735286
735372
735456
735458
735945
736229
736330
736332
736516
736542
736555
736556
736863
736936
736945
737091
737205
737243
737299
737335
737566
737618
737657
737701
737776
737938
738137
738258
738426
738542
738581
738767
738794
738874
738967
739394
739477
739532
739604
739702
739706
739826
739975
740054
740185
740469
740517
740525
740602
740928
741020
741115
741447
741563
741717
741728
741768
741838
741920
742055
742236
742380
742442
742629
742684
742697
742734
742856
742906
743009
743056
743072
743258
743300
743491
743950
743988
744061
744111
744414
744445
744517
744677
744677
744797
744834
744835
745007
745176
745177
745272
745306
745380
745400
745506
745540
745711
745718
745728
745759
745761
745984
745991
746030
746034
746095
746113
746125
746223
746250
746309
746379
746472
746570
746571
746597
746819
747003
747023
747325
747349
747588
747653
747785
747852
748085
748280
748406
748571
748672
748779
748790
748948
749033
749061
749096
749207
749221
749495
749908
750063
750385
750402
750437
750722
750762
750828
750845
750872
751010
751059
751188
751197
751392
751425
751474
751546
751592
751783
751797
751939
751970
752107
752538
752556
752575
752945
752956
752983
752983
753114
753189
753287
753344
753381
753408
753419
753713
753803
753807
754232
754242
754263
754515
754562
754565
754653
754762
754912
755096
755205
755320
755324
755337
755405
755428
755441
755455
755553
755587
755598
755628
755741
755766
755813
755964
756147
756246
756354
756422
756477
756516
756616
756702
756754
757064
757319
757499
757518
757549
757660
757731
757772
757826
757862
757953
758087
758113
758119
758186
758315
758471
758579
758582
758884
758938
759086
759128
759172
759224
759311
759362
759531
759558
759585
759656
759788
759893
759927
759997
760015
760137
760140
760355
760475
760493
760622
760631
760713
760894
760968
761031
761062
761067
761102
761168
761276
761402
761511
761732
761753
761816
761867
761912
761936
761967
762202
762479
762499
762546
762695
762730
762890
762919
762965
763183
763380
763501
763525
763736
763746
763774
763784
763929
764172
764301
764374
764483
764860
764956
765354
765550
765900
766054
766223
766262
766385
766485
766546
766714
766906
766911
766954
766956
766959
767266
767421
767456
767460
767492
767611
767819
768048
768288
768296
768304
768333
768810
768860
768863
769213
769216
769267
769383
769430
769481
769488
769509
769700
769775
769934
769983
770159
770191
770224
770234
770236
770358
770398
770414
770521
770578
770671
770925
771160
771433
771538
771830
772214
772408
772433
772445
772473
772554
772599
772738
772851
772990
773130
773291
773342
773358
773402
773438
773521
773547
773576
773622
773626
773679
773725
773734
774017
774079
774157
774207
774271
774290
774302
774367
774384
774422
774528
774619
774637
774789
774868
774949
775189
775213
775231
775344
775449
775453
775560
775744
775849
775969
776114
776286
776449
776537
776660
776837
776895
776935
777080
777174
777422
777440
777535
777589
777623
777631
777633
777713
777836
777920
778007
778097
778120
778145
778211
778319
778509
778546
778761
779157
779269
779413
779545
779619
779723
779755
779910
780249
780365
780656
780702
780778
781059
781297
781313
781369
781390
781400
781615
781647
781739
781944
782203
782273
782307
782374
782590
782697
782833
783027
783040
783150
783559
783674
783717
783860
783876
784099
784260
784335
784406
784470
784624
784701
784731
784812
784826
784850
784898
784912
784992
785067
785086
785160
785242
785293
785317
785369
785474
785512
785585
785622
785836
785998
786061
786243
786315
786525
786562
786630
786952
787047
787188
787275
787378
787395
787675
788083
788133
788187
788230
788376
788576
788935
788983
789048
789090
789284
789332
789404
789609
789684
789715
789823
789881
789993
790014
790177
790330
790409
790452
790551
790748
790963
791073
791157
791246
791584
791752
791843
791857
791971
792022
792034
792034
792080
792081
792351
792382
792539
792764
792936
793258
793339
793477
793550
793792
793802
793847
793893
793897
793972
794033
794222
794387
794435
794546
794841
795168
795203
795221
795269
795342
795399
795512
795544
795622
795627
795632
795639
795648
795710
795728
795740
795768
795858
795898
795963
796097
796164
796421
796525
796590
796626
796794
796992
797012
797136
797164
797170
797253
797332
797374
797529
797912
797916
798032
798064
798130
798265
798296
798384
798514
798521
798534
798538
798673
798885
798992
799013
799072
799302
799431
799630
799639
799771
799840
799858
799913
800046
800203
800327
800530
800640
800736
800779
800825
800998
801068
801071
801118
801142
801255
801374
801671
801687
802165
802241
802275
802364
802376
802441
802444
802470
802491
802493
802540
802616
802622
802774
802847
802972
803041
803336
803407
803600
803657
804057
804165
804358
804439
804536
804562
804650
804657
804688
804696
804709
804723
804831
804847
804859
804908
805107
805128
805265
805309
805412
805414
805545
805580
805711
805744
805756
806061
806119
806134
806162
806212
806234
806402
806471
806561
806677
806824
806880
807102
807113
807257
807312
807413
807567
807579
807607
807753
807837
807857
807888
807894
807981
808230
808305
808334
808486
808612
808650
808782
808982
809008
809082
809220
809372
809436
809627
809766
809908
809909
809926
809959
810026
810088
810176
810270
810412
810502
810592
810657
810784
810840
810866
810892
810931
810964
811209
811546
811572
811619
811681
811732
812012
812017
812035
812059
812103
812152
812322
812508
812552
812630
812654
812926
813211
813401
813493
813495
813684
813926
814040
814224
814250
814251
814341
814394
814428
814508
814725
814846
815028
815104
815162
815279
815377
815411
815583
815609
815677
815757
816067
816148
816408
816457
816508
816526
816575
816737
816974
816981
817052
817081
817442
817504
817540
817606
818063
818194
818265
818275
818294
818430
818454
818458
818523
818594
818903
819044
819212
819221
819350
819412
819465
819475
819485
819779
819907
819949
819984
820185
820498
820581
820658
820734
821140
821142
821164
821297
821509
821603
821613
821636
821678
821717
821858
821888
822250
822310
822365
822497
822554
822560
822641
822652
822718
822837
822847
822947
822957
822997
822999
823241
823329
823388
823545
823548
823847
823976
824156
824236
824275
824774
824841
824853
824860
824957
825157
825164
825170
825447
825466
825622
825631
825650
825910
825987
826062
826149
826326
826583
826743
826852
826930
826974
827161
827232
827264
827360
827518
827541
827773
827864
827900
827925
828262
828273
828465
828612
829137
829248
829408
829551
829571
829572
829616
829655
829842
829846
829879
830026
830292
830361
830510
830576
830599
830724
830788
830791
830909
831015
831077
831177
831184
831337
831429
831457
831520
831670
832005
832196
832427
832473
832493
832771
832789
832813
832968
833254
833268
833435
833452
833631
833847
833942
833979
834030
834046
834106
834106
834271
834292
834314
834523
834605
834640
834819
834855
834896
835155
835258
835292
835318
835418
835437
835467
835675
835861
836023
836081
836161
836367
836386
836484
836488
836564
836621
836679
836817
836839
837103
837175
837508
837621
837650
837900
838034
838098
838102
838111
838154
838190
838200
838236
838304
838350
838440
838609
838824
839078
839142
839165
839314
839332
839410
839447
839814
839917
840297
840331
840785
840811
840814
840855
840882
840885
840905
841021
841065
841345
841420
841427
841614
841633
841759
841874
841945
841961
841998
842000
842083
842365
842475
842489
842496
842725
842725
842794
842812
842831
842895
843002
843077
843131
843231
843314
843385
843656
843714
843794
843947
843982
844085
844127
844169
844172
844375
844677
844703
844703
844708
844744
844878
844879
844894
844946
845136
845155
845182
845211
845258
845297
845333
845571
845784
845807
845826
846001
846066
846212
846534
846566
846579
846616
846621
846651
846662
846681
846772
846931
846979
846979
847088
847150
847151
847199
847205
847229
847258
847366
847370
847494
847620
847706
847893
847895
847919
847978
848585
848640
848778
848785
848883
848904
848936
848955
849296
849410
849659
850006
850087
850233
850235
850299
850426
850499
850517
850676
850813
850883
851025
851218
851233
851253
851265
851310
851613
851666
851707
851729
851754
852106
852144
852165
852352
852396
852575
852581
852581
852911
852916
852936
852984
853014
853102
853141
853156
853416
853707
853910
854296
854419
854532
854590
854700
854754
854891
855058
855098
855136
855368
855378
855652
855660
855703
855730
855935
856013
856223
856233
856236
856273
856421
856670
856715
856801
856827
856846
856884
856921
857310
857333
857360
857565
857614
857746
857759
857787
857969
858165
858170
858326
858349
858379
858438
858479
858505
858707
859276
859287
859429
859450
859792
859910
860214
860287
860408
860800
861156
861299
861355
861362
861403
861449
861545
861549
861557
861563
861643
861703
861781
861917
861959
861969
862022
862141
862163
862168
862342
862351
862361
862371
862435
862484
862737
862920
862950
863055
863074
863113
863184
863231
863590
863748
863776
863823
863828
863954
863958
863959
864292
864376
864392
864505
864559
864639
864786
864807
864835
864838
864955
864992
865029
865209
865360
865391
865394
865452
865685
865700
865932
866019
866083
866116
866365
866473
866523
866648
866667
866853
866871
866929
867098
867135
867271
867361
867396
867405
867429
867457
867632
867653
867670
867838
867873
867893
868003
868219
868334
868396
868425
868471
868499
868543
868581
868585
868872
869088
869091
869182
869192
869200
869479
869667
869793
869847
869978
869988
870015
870096
870240
870322
870534
870710
870731
870837
870947
870973
871457
871484
871554
871818
871946
872035
872119
872188
872240
872691
872691
872823
872827
872841
872895
873006
873036
873152
873227
873357
873369
873377
873377
873490
873587
873724
873778
873786
873809
874137
874190
874256
874621
874746
874779
874790
874807
874929
874936
874937
874955
875018
875037
875142
875234
875250
875381
875611
875658
875746
875748
875834
875871
875987
876145
876165
876184
876204
876221
876298
876310
876732
876753
876771
876839
876891
876895
876903
877057
877060
877128
877200
877355
877412
877443
877454
877466
877560
877680
877696
877789
877885
877913
877918
877963
878002
878045
878059
878420
878484
878501
878598
878763
878949
879072
879420
879500
879899
880106
880255
880277
880286
880322
880326
880569
880590
880663
880838
880871
880930
881283
881396
881408
881466
881483
881649
881696
881758
881843
881913
882021
882093
882230
882257
882634
882684
882764
882773
882786
882791
882893
883192
883376
883410
883502
883507
883586
883650
883739
883751
884222
884244
884284
884285
884359
884515
884759
884894
884925
885097
885260
885305
885553
885669
885777
885822
885941
885947
885957
886076
886235
886464
886637
886743
887035
887118
887248
887408
887441
887537
887618
887715
887737
887779
887898
887953
888101
888199
888256
888329
888409
888420
888437
888456
888541
888744
888815
888840
888931
888958
889049
889078
889119
889223
889371
889411
889626
889708
889882
890107
890107
890120
890188
890233
890377
890959
891922
891927
891949
892232
892235
892299
892376
892464
892495
892663
892732
892771
892778
892943
892951
892993
893168
893370
893371
893385
893469
893522
893779
893790
893868
893970
893979
894061
894124
894369
894499
894543
894583
894627
894689
894733
894745
894914
894919
895081
895082
895185
895218
895257
895404
895428
895513
895559
895639
895813
895847
895892
895992
896132
896188
896385
896596
896602
896603
896661
896718
896723
896815
896876
896922
896944
897135
897206
897387
897409
897548
897599
897684
897812
898053
898222
898259
898356
898453
898763
898804
898877
899028
899249
899337
899389
899544
899625
899725
900122
900232
900274
900309
900323
900544
900760
900763
900810
900861
900956
901115
901155
901194
901251
901486
901511
901837
901920
902004
902242
902349
902403
902438
902482
902621
902693
902893
902904
903027
903086
903571
903761
903788
903917
904037
904184
904197
904431
904489
904677
904774
904856
904862
904971
905086
905095
905125
905514
905549
905590
905679
905698
905747
905895
905967
906002
906033
906278
906366
906398
906409
906547
906584
906678
906695
906743
907001
907103
907126
907145
907335
907377
907525
907575
907580
907675
907719
907892
908569
908601
908644
908795
908998
909080
909317
909336
909396
909421
909538
909701
909760
909810
909896
909943
910079
910114
910128
910172
910215
910575
910614
910650
910659
910803
911056
911067
911085
911156
911166
911217
911260
911302
911347
911443
911450
911492
911516
911659
911664
911989
912034
912071
912074
912392
912421
912479
912512
912605
912718
912786
912866
913020
913043
913149
913196
913350
913382
913391
913534
913580
913642
913682
913784
913794
913931
913940
914032
914046
914113
914304
914399
914408
914458
914816
914920
915158
915198
915212
915401
915405
915409
915498
915520
915623
915671
915679
915709
915761
915795
915889
916000
916064
916113
916162
916169
916241
916465
916478
916480
916542
916636
916642
916744
916749
916782
916837
916871
916872
916882
916898
917038
917152
917152
917167
917293
917438
917640
917976
918107
918183
918232
918299
918435
918479
918527
918644
918947
918983
919012
919098
919122
919204
919291
919313
919360
919465
919632
919827
920065
920208
920262
920546
920644
920713
920815
920835
920850
921014
921023
921283
921370
921420
921452
921466
921505
921709
921756
922037
922080
922095
922154
922227
922298
922306
922363
922367
922395
922531
922650
922829
922988
923026
923065
923068
923138
923175
923312
923359
923397
923456
923564
923650
923899
924164
924219
924427
924459
924473
924588
924733
924778
924784
924983
924987
925030
925047
925136
925146
925182
925207
925223
925363
925759
926105
926151
926275
926447
926526
926541
926652
926797
926897
927118
927201
927339
927344
927377
927526
927556
927628
927629
927653
927669
927682
927706
927723
927744
927746
927850
927885
927959
928043
928082
928099
928161
928252
928368
928396
928523
928632
928644
928737
928871
928954
928980
928996
929088
929203
929226
929266
929342
929414
929641
929652
929811
929878
930000
930039
930081
930195
930376
930453
930601
930608
930719
930732
930817
930866
930935
930999
931100
931116
931135
931141
931167
931306
931527
931593
931667
931740
932159
932179
932194
932202
932541
932971
932977
933095
933113
933113
933262
933282
933285
933624
933631
933706
933828
933946
934001
934020
934026
934181
934263
934324
934421
934551
934581
934640
934682
934779
934923
934968
935022
935040
935044
935120
935269
935409
935728
935792
935863
935871
936424
936465
936804
936888
936968
937137
937306
937333
937516
937659
937682
937705
937759
937815
937995
938049
938056
938148
938217
938243
938250
938330
938350
938498
938594
938769
938805
938872
939139
939160
939187
939213
939374
939665
939666
939789
940026
940096
940205
940433
940495
940506
940588
940722
940737
940820
940908
940990
941098
941118
941148
941161
941351
941431
941445
941608
941609
941644
941753
941756
941936
942019
942147
942226
942265
942495
942558
942566
942598
942743
942993
943120
943174
943332
943362
943422
943475
943555
943880
944176
944208
944318
944356
944356
944924
944944
944944
945423
945511
945537
945738
945812
945831
945841
945957
945961
946211
946274
946375
946730
946736
946811
946855
946919
946975
947233
947251
947326
947329
947337
947361
947431
947576
947638
947710
947776
947819
948009
948129
948168
948200
948245
948328
948344
948352
948600
949006
949028
949198
949267
949330
949420
949606
949898
949925
949961
949984
950446
950592
950795
950832
950977
950988
951226
951241
951581
951607
951706
951709
951712
951727
951759
951783
951836
952410
952653
952673
952717
952828
952956
953075
953153
953232
953240
953277
953309
953373
953411
953415
953440
953698
953831
953920
954070
954100
954173
954181
954189
954309
954325
954347
954515
954525
954541
954596
954607
954624
954825
954911
955015
955174
955486
955554
955952
955980
956015
956063
956078
956180
956192
956517
956526
956613
956647
956648
956730
956889
956968
957030
957035
957186
957358
957450
957533
957541
957912
958172
958188
958267
958350
958586
958656
958728
958778
958830
959084
959272
959401
959420
959462
959465
959551
959568
959844
959901
960060
960143
960174
960331
960422
960564
960621
960637
960644
960735
960831
960883
960926
960961
961010
961090
961161
961320
961399
961451
961593
961664
961730
961845
962006
962133
962321
962323
962324
962373
962377
962416
962449
962468
962548
962640
962668
962682
962761
963121
963123
963179
963281
963415
963485
963500
963585
963827
963889
963941
964037
964060
964139
964196
964222
964413
964626
964784
964995
965047
965137
965172
965334
965491
965612
965711
966058
966124
966124
966169
966191
966289
966377
966378
966524
966779
966919
967106
967107
967141
967234
967317
967470
967556
967564
967847
967981
967991
968060
968123
968191
968236
968368
968824
968895
968900
968978
968996
969046
969186
969189
969198
969369
969387
969422
969490
969729
969736
969839
969858
969897
969934
969959
970065
970272
970473
970494
970683
970876
970938
970973
971002
971260
971342
971487
971574
971603
971881
971944
971994
972031
972068
972234
972272
972375
972446
972544
972587
972623
972635
972659
972676
972723
972937
973019
973498
973511
973956
974501
974517
974672
974673
974694
974723
974766
974972
975190
975294
975407
975425
975536
975562
975577
975763
975797
975872
975885
976363
976406
976435
976451
976553
976564
976595
976676
976693
976772
976790
976800
976906
976958
976984
977044
977064
977123
977161
977241
977334
977345
977380
977719
977728
977800
977934
977955
978010
978401
978404
978474
978578
978714
978826
978879
978887
978905
978984
979022
979060
979165
979714
979933
980100
980207
980275
980731
980745
980879
980915
980921
981019
981118
981128
981222
981251
981252
981303
981358
981464
981465
981499
981628
981958
982030
982103
982162
982165
982378
982380
982727
982729
982796
982823
982830
983036
983177
983379
983516
983625
983771
983907
983964
983979
984018
984063
984077
984234
984323
984348
984370
984433
984434
984660
984695
984707
984805
984860
984988
984997
985043
985095
985219
985317
985320
985475
985611
985656
985677
985753
985754
985811
985955
986001
986279
986291
986310
986436
986518
986808
986837
986907
986999
987038
987069
987962
988200
988228
988418
988630
988720
988870
988875
988911
989064
989141
989165
989213
989230
989332
989379
990006
990157
990201
990289
990314
990376
990406
990466
990748
990888
991021
991097
991336
991395
991568
991741
991755
991929
992045
992108
992452
992505
992559
992700
992779
993132
993257
993374
993563
993731
994080
994135
994168
994217
994248
994309
994323
994331
994351
994356
994374
994669
994764
994819
994945
995173
995261
995332
995381
995388
995476
995913
996034
996081
996101
996184
996194
996250
996279
996333
996754
996798
996855
996901
996948
997000
997127
997197
997468
997596
997796
997896
998146
998152
998198
998390
998426
998428
998489
998579
998588
998589
998688
998853
998872
998882
998920
999062
999174
999418
999421
999592
999610
999767
999898
