100
21097
42213
45666
56320
60000
60103
67929
69302
70540
70974
77417
81614
116879
140185
159055
167083
171587
172094
190871
199190
206047
235025
268284
276445
278544
282844
283382
291510
294149
296224
299281
300717
303494
317304
319934
332835
347237
362079
362955
364560
366425
376563
385297
397632
407237
409763
417209
423058
469087
471923
491890
497992
505986
571979
574320
577825
580539
592500
594905
596942
600149
604319
604834
608529
622248
661344
674859
679503
720525
724988
729262
741785
754909
774270
788115
788837
793169
795953
800540
804584
810173
815993
828794
858140
868433
871282
892619
896722
897843
910171
912996
921399
921886
943223
963389
977257
978663
980882
981989
987515
