1000
732
3188
4424
4980
7017
7068
7210
10339
12329
13880
15151
17060
18085
19889
22482
22874
22980
23975
24769
28785
29232
30778
33171
33721
33995
34960
38244
38956
38964
40590
41410
41957
42213
43447
43993
44831
45874
46365
47992
48724
50311
50663
52888
52917
56988
57310
57968
58135
59771
61172
62300
62628
64955
68340
75258
75357
75975
78097
78580
78627
80341
80956
82985
84502
85576
86110
86326
86729
87483
87508
89206
89446
89761
90210
90791
91172
91401
92627
94087
94684
97615
97634
98624
99009
101277
102479
104683
105980
106167
107025
107597
108572
109073
109943
111327
113292
113368
113711
114111
115241
116634
118160
119357
120105
120369
120639
120895
122691
123471
124840
126645
127104
129657
129711
130282
131703
131896
132213
133325
133449
134878
135261
137295
137858
139345
139642
141007
143792
148526
148997
149095
150014
150266
151311
156040
157444
158218
159448
160201
163082
163858
164337
166749
166788
167792
168226
169604
171060
171870
171965
172561
173795
177454
179550
180055
180585
184201
184470
185955
186361
187245
187411
188032
189208
189769
193703
194798
196807
197358
197629
197798
198116
198911
199062
200920
201271
201814
202837
207175
209121
209145
209185
209234
209283
210811
212129
212367
212593
212912
217392
217924
219859
220434
220511
220850
221312
222403
225531
228748
231222
232308
232458
232962
233068
233285
233651
234488
235706
235936
236305
237710
238021
238373
241368
242098
242390
243051
243245
245487
247817
248473
248537
249052
253273
253884
255306
257747
257808
258959
259136
261977
266528
266837
267922
268461
268612
269022
269508
270795
271930
273061
273877
273905
274891
277700
279169
279860
280275
281705
285438
285650
290924
292420
292604
293894
294086
294112
294311
296557
296895
297079
297630
299531
300412
300646
300964
301119
302108
303523
303976
304410
305993
306022
306973
308396
308418
308440
308563
309127
310509
310782
311313
311554
312156
312889
317078
321100
321126
323317
324894
325062
326513
326916
330487
330546
330870
331449
332111
333342
333982
334391
335007
335490
336052
337512
338314
338408
338437
338556
340328
342530
342796
342826
343313
343535
345262
345928
346331
346676
347114
347215
347256
349241
349265
349781
349870
351055
351435
353935
354106
354835
355105
356611
356724
362686
362871
365424
366157
366259
366358
366681
367540
367937
370247
370253
372764
373658
379447
380394
380506
380525
381015
384786
385784
385899
386072
386175
387838
387901
388473
389546
390296
392337
392681
394496
395006
395126
395368
398133
400299
401231
403841
407877
408928
409317
410410
411627
411967
413424
416643
417349
419127
419787
420325
420399
420996
421706
422758
423187
423486
424358
424566
426626
428801
428802
429252
429525
431980
432772
435060
435536
437272
437390
441960
442334
444004
444232
445143
446133
446443
446735
447704
448290
449743
453571
454180
455123
456101
457403
458973
459094
459223
459381
461510
462162
462761
463534
464057
465201
465680
465934
467546
468179
468435
469261
471013
473549
474065
475188
476714
478976
479628
479845
479959
480205
480876
481047
481063
481118
481262
481888
482237
482371
483616
483721
484584
484634
485217
486744
487139
487537
488721
490231
491777
491828
492059
492111
492367
492901
493262
493888
494093
494823
494969
495523
496181
498209
498375
499964
500644
502750
503708
504728
505649
509004
510438
510647
511208
512435
513058
513166
514335
514965
515110
516538
517317
517405
517752
518609
519053
519714
522883
523326
523554
524225
524426
524903
525026
525596
526960
526997
527536
527854
528077
530800
532807
534742
535245
535893
537208
537816
537914
538473
539079
540057
540172
541353
541394
541427
541533
542094
543118
543254
543924
544434
545230
547516
548089
550862
551451
551703
552475
553783
554168
554534
554542
555048
555770
556301
556356
556822
557827
560417
560661
561206
563356
564920
565749
566033
566387
566536
567547
568259
569142
569788
570965
571355
574250
576958
577324
578256
578527
578623
579070
579453
581897
583258
583446
583711
583721
586880
587451
589196
589375
589828
591447
592438
592614
594852
595418
595732
596736
597039
599442
602349
603020
604128
604526
604623
605072
605271
606826
607086
609664
611087
612329
613208
613217
613219
613286
614521
615617
616477
617128
617748
617832
618144
619305
619956
621253
622995
624007
624857
624961
628608
630036
632886
633482
634648
635158
635251
635875
637177
639318
639424
640379
643169
643421
644329
645375
646304
646396
647106
649234
650270
650294
651318
651417
652669
653605
653952
654108
654509
655199
655740
656692
663598
664092
664389
665812
669472
671148
671300
671877
673948
674832
676008
677041
677707
678395
679305
679378
681024
682843
683101
684045
684816
684971
685114
686440
688056
688326
688347
689620
689708
691604
693075
693858
694269
695121
700515
701943
703410
704329
705455
707699
707725
708093
708181
709101
709564
710635
712205
713513
714058
714561
714870
715747
716770
717004
717294
717575
718531
719595
720379
720404
720906
722207
723805
724044
724191
724397
724568
724992
725133
725656
726788
727072
731646
734388
736462
736818
736894
737400
738578
740090
741131
742933
742990
743169
743500
745762
745937
747292
749168
749930
751453
752247
752249
754040
754344
754966
755534
755625
755824
758062
758755
759423
759433
762399
765053
765598
767915
768101
769354
769939
771180
772253
776393
777903
778173
778595
779840
780115
786422
786557
790752
790863
791138
791970
797300
797675
799055
799125
799483
801320
801527
801695
803396
803750
804881
806010
807614
808481
812581
814512
816145
817028
817154
817390
817659
818126
819234
819536
820462
820779
821116
821382
821663
822665
822800
823082
823795
824655
825405
825580
825875
826269
827538
827634
828234
828715
830576
831473
831886
833502
834585
835139
835168
835284
836709
836907
840314
841768
843075
844171
846481
847207
847504
847662
848561
848888
849026
849807
850974
851651
853424
853495
853984
855079
858472
858572
859924
860536
861361
861425
862981
865208
865747
868134
869047
870548
871133
874229
874813
875039
875334
876621
877164
877227
877400
878434
880229
880720
881493
881829
882072
882197
882871
882909
882993
883864
883957
884614
885381
886269
887482
887942
888733
889309
891059
891812
891867
892730
893607
893613
896255
898939
900419
900740
903500
903712
904274
905543
907402
908108
909252
916708
917573
918757
919403
919509
920346
920784
921185
921406
922486
922601
922863
923130
924448
924625
924903
925902
928040
928139
929888
930877
931233
931988
932964
933600
935198
936870
937267
937613
940133
943656
944210
944346
944482
946683
946777
948419
948442
949221
950675
951963
952127
954036
954863
957036
957073
957297
958208
958714
961434
961714
962348
963695
964102
965276
965783
965940
966006
966657
967548
967602
967963
968872
969799
970372
971401
972125
973430
974824
975826
976231
977667
977754
978080
979547
980562
981672
981998
982159
985621
986080
987150
987775
988224
988775
990492
991165
991661
991995
994131
998016
999186
999394
