100
643203
957513
582493
297841
420997
552469
175889
825071
932807
741279
6084
462698
184059
254311
864251
479503
333648
234318
594005
78478
895271
592892
950250
495630
912613
127582
346730
616074
280314
2176
909419
923517
959690
8264
221359
380687
560734
397248
722110
9893
138527
244547
472591
838938
498858
336843
834793
348858
87513
428799
427336
499136
538043
377586
994766
450657
21520
857849
66731
301834
860025
492503
741704
336067
500767
963063
233107
577853
876663
471569
587747
531542
716116
60338
370480
731327
913533
205273
80185
517398
150424
23874
16534
688468
917812
527653
139125
455685
901854
722208
273871
278231
214711
15575
614299
231831
494990
363758
809684
371653
