10000
696961
102299
564036
656883
526673
298061
351012
778736
222763
915920
239857
305766
758810
462898
421679
435654
889478
987296
363367
521323
149433
418892
320523
163926
220968
228895
370106
366933
325713
314895
836649
22674
933546
917037
679558
460220
215098
546922
755308
954213
979195
995165
259979
254357
458063
681659
690011
863894
185307
53379
901569
334740
988623
738444
15018
209591
967340
385124
92876
293053
216371
929525
315727
149918
846562
511637
126490
61661
574912
398150
532226
554107
393316
792206
808464
367731
990217
498476
747977
691876
68207
649546
26616
573182
387991
557987
299125
355331
943111
392001
648384
675835
321526
480463
342105
684440
508453
984947
262453
83365
383097
794680
637472
292765
586886
962288
660497
93455
977116
924826
785331
45323
574373
811947
134857
962364
369934
433982
834047
829398
825983
998783
21585
663861
479246
363690
348302
504051
348637
610755
587416
731734
405435
741240
24500
508673
703529
201349
602128
680645
642527
903811
242321
216900
232111
377178
695616
602045
811161
529663
947795
153496
528446
485732
817358
524045
849422
682012
28096
714411
292767
131865
446146
214555
873105
986998
723228
92986
704699
841709
289984
347226
745520
532305
80479
977631
425835
776095
96029
753348
822111
560176
423197
866909
45909
756907
907306
411683
438919
935403
126095
248038
583620
88593
462593
973077
591943
702174
66064
812994
60235
872400
160220
322107
921057
757051
816091
346892
49499
912120
616593
871610
988648
39790
254871
550909
796697
162178
962593
235616
613933
605040
6
197553
693633
462600
170630
285576
681126
753046
98570
257713
625446
775142
579820
62855
48546
395911
926100
98045
824383
542693
486007
813032
582483
740878
880293
895532
903056
842886
647500
516989
447926
647506
714542
657911
626458
401525
943487
307584
154571
558409
565297
296370
849904
661470
875577
898450
57381
801677
512847
398117
344370
998854
211149
443205
739732
91442
338737
642789
450681
986237
159778
414959
633744
390673
72871
260202
792198
532710
84139
463121
91120
165788
275843
457376
827258
151421
355826
400992
953098
868673
799109
813821
867527
526610
257026
123611
134404
595764
282752
585085
582001
958883
516397
732097
349556
589268
992300
658106
121978
592791
637579
729450
758579
429775
186826
102190
97548
59004
503182
566998
444029
818643
380819
827908
345253
637846
951520
479657
233610
234272
581095
331963
193155
97492
64061
59063
203112
572713
233521
325090
165504
871101
570893
440435
817228
757719
58977
914776
333076
562159
481774
777105
897154
862594
605014
242407
16792
72886
238417
766754
307158
335864
98717
16666
949708
679130
592081
152820
768195
825603
994262
450051
696704
565155
890487
513932
839227
949464
945060
688655
27976
426834
465760
441482
289428
587126
683890
306220
660012
438659
72974
483523
774523
688044
16541
724231
883526
608622
393403
651722
434225
387665
101773
647281
469173
508612
677565
824752
974429
622625
513407
518757
49460
495519
960239
855240
82646
644129
677813
742658
599140
267139
742533
373663
955183
759074
614246
838710
884049
7649
6784
318274
911667
108557
481908
897192
617170
159473
721944
107951
782099
751703
626708
831559
247222
586947
203151
329868
747429
880964
588879
346569
148104
847764
236585
619639
123191
367183
974701
7240
891185
981485
841866
802852
606395
323774
216396
739917
483248
938340
847868
265347
206395
474576
613258
453617
577875
816409
783486
325304
213726
888717
188226
361830
736481
424811
497821
859672
791994
472523
866912
683179
970360
225131
2383
576755
548905
218779
316672
32153
673471
680892
813852
879866
155468
943462
849836
733344
759872
149674
575000
489950
38391
763226
368132
291224
704389
865953
667249
12736
854828
50513
212267
825189
275644
214651
401944
824550
949782
234969
373055
139606
915861
186908
19472
587682
130370
385660
837378
406594
535334
412378
896544
90077
691957
264676
381302
912698
646982
48551
925434
501810
99064
137702
843351
374709
868705
761648
715611
818487
996617
88666
958093
428830
275574
493918
16512
922297
879578
370242
328891
414913
782621
741788
504990
990930
522816
402644
903628
169798
967547
829063
187961
66612
483117
31312
957673
351822
309312
189636
170309
822281
278302
644755
251112
70229
138673
783976
992526
534603
154219
837769
949516
453192
579557
970859
444122
102374
889855
864102
788524
857403
209517
492837
440367
692634
40502
398040
44456
349814
587676
731118
172096
382330
892225
939560
452559
30898
723536
961437
565501
394107
799207
31370
847299
378764
518581
807773
997490
408436
671876
302367
782191
881393
311556
222558
574028
352058
136950
134836
218225
240978
382306
906673
623309
274531
846233
592220
305429
86121
553658
387283
480229
352865
935005
327528
247981
453586
135302
761824
378374
807178
64191
676918
204923
892099
899476
778951
244158
552779
430140
462383
793757
812446
369056
933418
603330
731641
41991
425111
817762
595649
812394
297991
948514
263751
141872
712847
233689
277174
474671
128416
600704
55214
805334
805627
947314
221162
100931
707824
773941
47423
686559
84051
859869
571967
17469
463199
303608
59460
404663
121370
171461
217057
935714
636327
997161
77586
349175
230850
354760
340198
359266
471816
395413
164600
793795
859079
385763
894726
566903
159704
942149
253462
760107
318371
825429
777577
297922
129037
353389
702585
766759
524851
435995
702473
161178
433156
296411
510353
664006
651171
366904
539625
639339
762317
220577
433135
621396
606340
327861
704651
282397
786363
958113
42504
621086
299894
336433
435360
945283
689823
137946
228394
731026
90293
930868
892204
523449
743631
918910
703807
911155
285814
759784
550494
564483
980362
983629
702231
103054
827843
406882
901803
130558
881347
944308
751644
181241
797093
187004
642876
3268
841302
871270
734294
931595
318490
142851
971396
62122
578113
191556
973277
863927
467692
523771
944762
448054
23753
163345
551109
851596
570227
969264
982154
967926
913572
250150
665519
227018
437154
308395
230286
794809
179665
480933
726404
498156
623784
214153
560278
201897
922061
49907
582176
389753
573678
526938
354160
597431
690283
421621
965379
776862
390885
947533
261140
304458
714035
926659
47828
667542
235054
278114
462351
931071
759047
705107
945579
899183
919260
22209
101080
357673
72116
683256
747427
162147
726546
101587
275930
933181
39560
241310
226395
430445
705195
487535
734903
419231
930546
299083
86773
681952
93550
549124
613024
852597
254231
558603
268133
689844
97165
369213
563869
169281
568822
827648
847780
295368
445587
123711
744902
485147
365021
971297
915593
70216
975185
166848
5799
905731
465932
92572
587684
559482
158048
200708
928431
928632
275663
196564
134828
889180
565778
698697
58462
650952
526346
906242
946320
971933
29953
691222
457081
911326
178872
372674
981543
154057
55874
503694
59788
521806
596267
647472
81288
754315
364532
526072
199299
156548
722636
334127
45728
804766
32825
620542
455718
75523
43137
918391
47456
589442
125965
20889
500769
304837
909915
998664
975246
965790
502358
35035
3948
614977
198859
601589
885645
79744
127661
84944
236292
366649
419072
282020
171416
968249
418915
143486
43772
462052
61877
607580
51494
187843
628470
68615
9032
54737
67279
984279
20527
85990
535666
24476
700967
734525
626065
586612
330621
270078
671557
566913
636727
606981
365286
324495
575230
784201
467982
619002
762605
529859
742934
814099
234054
371404
399067
243087
942494
466346
743718
963021
68688
279384
503849
769656
530261
646266
872620
860883
432696
60529
427796
69424
667510
309434
393919
759092
609987
378253
894446
372592
908113
637381
703044
142167
525137
102111
901606
467631
84809
645324
947005
669850
441060
967206
439506
971322
129825
828478
832205
562521
889008
776353
148297
72870
85788
58569
348315
695775
436822
242761
584720
344935
880142
804116
3455
921632
906227
421413
389263
507388
66738
336268
177238
507798
303475
133096
995472
949652
477927
827677
512173
883287
604031
660471
956157
206171
719040
820824
418298
155862
63586
519370
17150
460080
323486
536957
381712
746065
958370
770976
253454
541460
623596
947044
565611
443423
596493
561083
393075
74420
905113
421601
957707
509144
82072
430216
231667
317464
251041
649965
989678
830979
169336
523180
291059
9174
60137
189124
755240
18508
476452
525046
76320
100048
988442
641931
543472
584935
719367
452899
175707
624480
874500
649766
649976
472924
596335
881643
790388
847376
47960
296419
194707
733648
819599
2118
742823
879737
191242
498063
414597
667694
23109
7269
767743
527903
649201
827567
112839
884920
796818
804898
509400
671319
454665
159376
660595
51000
41019
450984
414728
88979
263755
609435
338980
83354
611553
81803
479443
802796
579866
410392
986842
119327
417662
270937
647230
583215
614856
276421
468135
411675
81320
493887
82994
535985
653263
259941
103337
210634
227277
518065
815965
491032
643852
154945
90739
255405
236748
86534
574553
332966
496927
77748
968645
430941
348685
132228
530508
963542
408649
514995
375217
6321
8882
974563
58658
662145
234504
161995
872779
461782
196412
688744
469166
840264
360042
559905
612022
596790
646440
186575
929757
659719
264323
898402
607012
129361
30630
653872
92903
955632
168867
984472
961953
177749
959035
20612
356246
709891
698959
745377
688025
895372
950473
157192
735636
310515
717097
347658
907306
879889
50586
353415
55960
831261
768169
179324
960622
315152
833196
569877
270784
2063
554349
749089
696164
29736
286053
52410
739628
985013
314139
427653
396737
264613
101197
648725
575128
334647
996384
998786
214536
563322
868553
786849
394583
636723
966173
871558
468227
315722
441435
255363
317785
512137
4452
530302
58225
806858
99064
797853
308223
413204
741859
704960
677817
359408
353685
769297
694055
866421
284436
424944
429743
152989
211793
340679
306064
694318
728589
774291
10040
686376
29654
844178
198513
550459
374480
256739
357317
473544
570944
665540
886748
829155
886852
80917
188564
756889
366567
882619
623311
651003
307563
569406
803992
35708
910085
626409
730027
155026
400700
740067
841403
946707
100597
39916
13518
475077
813007
370835
948622
900304
552727
351722
729459
955931
948992
918023
712820
315559
316995
852483
966562
140910
421890
286906
176619
848327
913315
422998
3354
830368
679417
844757
293427
780015
401025
306945
255092
730385
194132
720066
630689
263211
588141
360148
219142
537133
794524
448314
852692
627871
300798
819254
768781
239040
622512
461752
87367
535828
401102
607073
882548
80520
968182
175975
860535
885560
999272
631979
615945
709756
868398
246634
972967
456539
123134
708461
993672
434010
156775
846364
61881
973925
181970
347015
212965
804482
325119
816685
856662
726222
940110
739210
323094
908293
431537
699981
793853
947161
848312
926150
656917
716710
689136
146236
173249
812270
854697
166921
762633
527825
529637
340866
18102
711607
204233
231068
516090
529353
564105
372752
771927
504215
628315
611373
928860
576204
311354
722713
523366
159666
165215
180283
876377
854351
326520
565978
182974
697569
732900
945607
225394
262537
286473
243497
490497
7059
990917
6587
536412
71374
895691
824691
575589
524006
436064
504450
100211
263770
743515
139929
423436
425083
836564
816165
279434
679436
898496
462408
377006
147748
924367
118752
926637
727193
878601
417134
734252
869518
940073
787016
457244
835765
611707
32834
876123
564123
53636
492686
827893
313503
632615
767681
738586
469180
100199
534373
148616
998695
996781
41974
146443
437501
160727
73080
681046
39328
6567
415298
425199
946640
202314
882443
782405
330373
431629
658529
894496
1617
151215
238741
315121
300183
522774
570059
285715
622973
104432
434331
138020
617566
992658
284463
55067
153385
873896
736113
709065
880463
667763
134264
827103
870077
533060
125861
716802
481041
300742
127650
482659
451957
882743
797780
268492
405517
367839
554207
28491
472272
504891
166511
606190
497549
967327
661257
650934
357575
913722
876351
754390
581485
526968
97845
967914
60028
223706
201068
57421
524448
328718
540080
492758
211461
854212
761250
616978
222052
831810
161821
210676
336701
844685
816866
834250
328364
994475
1536
685939
424549
394239
956681
6034
921207
54526
490300
497587
278233
691368
555009
802681
20086
95089
811791
747899
949302
573042
881229
687706
404852
43051
414734
257905
404088
747952
608507
732452
258779
610043
934743
683328
520634
891424
205714
441842
462302
696014
939429
740535
387382
494438
59569
923820
105880
871360
671719
571534
960754
69300
259240
365606
112351
190326
139863
32791
938278
748370
281595
197057
874765
216338
396737
395400
624114
602451
837242
602769
298465
776671
343304
202199
787462
919225
126019
409694
790586
314090
981228
751340
383390
756820
633299
12094
947146
773162
44885
401776
521533
326481
115185
396298
59171
511922
308050
199638
114373
145292
802407
929190
438316
662063
131389
742130
581289
773760
151824
371875
87850
133052
639567
987592
889872
272866
999686
353370
562381
560924
755146
600266
403757
870331
512916
462928
382253
820967
178918
12978
966259
981325
942168
920927
643389
73557
663057
741030
363669
331233
629257
451519
980637
268824
955463
386861
58043
955150
740231
620424
32426
495377
737042
436183
365708
249958
899111
264313
70925
594382
277291
553537
575707
219459
990816
735448
809368
170226
992830
173037
501459
622087
140908
482097
890912
96372
868958
948955
567874
125542
85731
600300
620919
822773
36483
502980
589083
451946
767293
176361
46328
44585
246250
138388
780396
237066
390188
589765
407292
383019
279154
425104
5106
420063
423553
896018
32787
292511
361325
600661
934405
963408
717313
555325
302533
753796
58305
407969
722094
825598
584330
284775
386535
830580
423163
166932
583998
813351
273049
991291
712722
552203
932747
717829
488618
356300
130199
521405
165163
7877
638418
99569
487637
355731
654894
790171
625879
229551
198140
347974
571501
782470
632749
474389
129402
572264
641321
713400
901967
430722
221043
614690
499277
153790
848871
987896
510090
495422
25653
675254
503299
180424
291175
990937
52507
462421
297460
678387
691972
495600
542713
779825
794422
691814
254214
440176
780430
895535
153576
682397
842609
374620
813439
341887
528410
178662
846135
554853
674085
871788
746459
693736
568564
37634
684673
621072
500055
498485
299459
708379
994085
358524
488204
304859
50338
742419
745035
830768
154306
414964
29517
996916
789584
842957
855155
834346
21619
701290
905551
212056
573078
652010
905793
141643
205996
106818
762715
706051
605304
578526
930782
115741
937050
418987
420601
503740
677758
681988
334508
832064
96952
364025
345332
402888
723334
200487
753587
261306
901777
659138
473362
991208
311149
379155
649203
517145
485974
928270
739549
607630
506796
670331
723371
960198
605670
660324
463938
283428
342313
314798
631845
955617
195175
977177
874858
434862
694017
628445
696168
595794
287583
685882
587002
598732
65038
752557
632230
67364
680827
888131
191346
703975
558462
914717
664173
680485
575042
644463
963913
433707
475613
595758
905676
187141
572936
780534
622003
266953
408979
834523
379099
696563
520405
482454
811647
101795
235011
960229
685511
915839
848360
876857
619814
923175
791575
800340
603660
882969
961155
83925
833028
436769
679684
255056
140262
768972
35591
762265
552277
960922
596788
931376
173837
633545
930182
985485
735341
165194
462066
420852
597385
826779
297710
733551
749954
605637
533891
869966
4958
11399
953891
837986
964520
149927
93042
104782
918899
644985
867047
987528
605908
980187
435257
779745
613732
365439
281582
865425
46985
743649
286278
644370
86780
100340
894274
353086
705977
944517
223052
710935
955916
693295
65273
920436
843223
674667
25218
278474
319653
408617
782355
441913
905156
217612
738010
35241
99403
535945
900666
146389
795946
703296
307111
882726
319988
717737
235812
542317
662255
458864
253252
618171
668511
834877
54960
28086
25897
596530
822913
861902
521500
605268
303815
426656
822880
558177
978249
438635
94122
878916
101376
890068
98564
408488
772794
418553
126225
8606
960870
304832
983822
730475
923004
168686
81704
494316
196772
107601
90846
19685
969503
128698
624953
789670
555355
964185
347848
533604
402821
441970
928872
504197
848391
543789
429037
137537
478694
71615
146144
955916
376447
646318
686391
815803
815004
284448
826471
528129
392049
433670
547814
877905
562368
689120
667575
117723
169657
15423
167680
88830
973746
612904
593028
338489
673045
538417
476026
151739
126384
138522
107656
502832
301193
310399
834987
116197
594847
661459
644326
986897
95129
708493
864802
657497
397613
48729
291573
567270
580505
975605
656101
554251
104861
765481
409092
777907
820250
885118
445998
946635
539993
553654
965819
841186
864054
317158
957383
458901
978617
118062
962150
590098
342907
343304
763948
740520
392034
571873
824142
972539
63830
996595
43142
168691
278428
968586
462950
98679
853704
908949
561666
393697
462603
527485
751235
843009
844643
224971
818263
339613
859385
296765
446063
202292
640070
210011
459164
548456
298236
283306
37347
362066
796254
596841
47110
74682
565427
510060
689713
935483
419009
251379
845533
397965
295216
596768
240974
656212
821739
575589
512177
681124
872355
958240
399768
28777
684604
858932
577233
982840
658591
130932
861259
454845
727773
908369
45879
809552
418429
735593
745035
353791
503324
106920
751756
798541
220041
509082
971105
41780
84672
483282
239257
957027
441522
639025
985804
642478
14310
79389
625319
672901
726673
486578
644098
454446
394947
689977
780350
329728
941922
41737
683519
961599
148658
951627
276492
368699
460710
247597
926831
61734
730879
682440
18761
688753
837818
520917
331232
852128
600306
472903
41381
843331
959481
685479
814129
870780
891808
594479
716860
350083
152568
916732
311682
301226
868359
588174
186277
845421
835771
629461
907155
83002
828253
442268
771755
666071
963185
619339
518199
79843
92242
559580
923174
568075
761411
737303
955207
653220
848134
188420
519655
703
105152
831337
818281
489863
935863
520911
335285
287986
150372
758792
370988
978625
201061
659095
161049
680598
794787
195600
760442
887029
271533
199968
971457
32944
937272
926664
202516
785406
115084
722171
786109
736588
69860
120743
226452
522075
641654
78089
810061
308378
836881
697401
287003
37942
872849
964404
718541
667636
160005
995335
71017
431538
195303
42474
980834
648927
485491
183351
950686
116927
421874
736795
853516
8087
373890
596320
530162
15544
674409
340224
323922
27642
37625
127278
65585
910474
91682
300478
94462
768039
812165
165480
199577
7468
207954
180412
656396
209797
880115
123434
326725
818341
860229
696593
826428
750472
292913
356591
766016
483674
213167
89939
511316
767144
733569
93253
193971
825251
910083
288433
593291
722248
453913
309220
246069
178220
5984
418817
904369
402451
542251
231094
220793
918832
444039
47221
669304
253304
403812
435321
736978
133331
41612
764647
900476
775181
857900
94447
116784
767984
382880
226427
6584
353146
535648
252653
47718
57984
671470
952087
460436
213721
183182
681229
132554
143573
728450
318210
396878
648615
753531
650208
298298
311495
414855
198774
86676
789108
293221
203461
73444
192454
429888
80028
61952
481888
849034
109670
539873
520504
61757
516661
250578
761291
197890
899484
904865
442692
217694
818095
607659
487578
468303
905958
799073
399511
104732
885750
704971
914306
605563
294767
623112
551803
374795
685064
550044
740181
794734
606269
260686
372843
122930
27616
134135
837172
927100
555352
279864
661146
373447
403876
148724
358102
309834
947798
273965
930918
349900
495288
361576
471815
790055
984688
539970
681203
186104
90014
421384
497190
212635
198422
870034
335565
226038
520521
689089
669490
75873
485306
330637
965672
889182
995713
840126
715368
943511
114092
162638
809763
125732
524215
797930
915788
25255
337901
596991
727712
944267
18375
224902
156903
216798
611288
8820
959188
131809
697910
628679
724034
183216
475668
206058
588750
471381
46185
304118
414893
676629
983108
741008
802361
507323
538939
718149
48931
876840
831492
292995
821107
849868
517897
978010
583018
645538
986831
542206
293699
201093
687237
17734
384309
162905
740144
973059
634287
786329
793529
565532
462958
776637
306540
781672
800313
845479
16173
365596
238671
847666
658591
576131
213886
692840
554141
796904
338378
57324
855462
148430
774769
542700
166164
159078
705605
906308
648489
339892
208990
442018
421776
188300
735008
728317
969972
535321
90148
986146
900917
328820
350164
75860
904951
564050
768700
975444
360954
623431
549121
732768
771861
323890
275468
454377
999321
497426
877037
647810
353670
86027
606181
775447
274328
857541
503764
760652
392862
593912
746798
810131
439084
613314
885991
860387
177364
171043
835832
54670
794474
901305
787439
566335
225195
579259
20712
740868
76685
414102
905031
430356
500129
27564
722155
290809
885105
225919
567814
794319
336183
830964
120802
291620
444279
523145
152007
621643
694188
504191
676314
488663
405496
463753
571350
147044
43012
108415
887912
636050
522517
309295
582758
538998
336859
304913
346160
221964
47184
913974
16283
899719
744938
137085
191339
189217
660230
859699
327213
870771
363890
3527
875786
769387
983632
447136
432783
542996
71903
837047
179046
110772
146343
761804
166123
483202
583069
512283
705167
630253
942609
237802
529973
687547
374888
237664
393117
551470
97363
720330
422241
461254
240209
298027
746993
223841
261516
179776
766837
333419
16823
462236
960544
163166
740392
126667
162721
323462
155302
867888
470067
97911
105690
40
301810
996930
754057
211279
548401
851420
931609
486994
829026
688170
785022
576019
912011
46538
272147
195201
896309
805323
173789
856853
484841
914181
983520
647562
237643
138822
515450
224063
753085
137493
224103
54896
134423
978160
266175
199176
345933
714137
686171
174959
918659
471193
267331
347023
34083
539478
58576
446744
344801
232365
303598
829643
146546
803470
477205
900542
458645
509008
124605
211730
646501
865060
782978
297276
359573
565506
496453
705506
795995
182624
396817
714654
170169
664148
578029
720604
203627
636605
167348
64780
868970
470946
894423
531869
790769
887981
948763
249414
396989
73368
977496
559842
454780
276827
857118
330705
358685
353571
36211
154680
52547
949381
385686
739068
613529
963716
459672
333508
600321
627021
914641
985644
614319
325416
517513
921440
213397
466276
687206
126738
55996
664703
686580
27128
457882
60051
357834
816567
929974
910397
487599
498874
859778
389637
237942
989660
869705
697615
839520
986379
840988
754161
972023
971659
79578
5888
893100
292975
988516
580306
936066
44512
761361
138998
587992
219243
199049
945826
552162
645376
856224
39761
144250
232354
945751
898544
222014
815456
596159
61535
801835
953499
332048
773858
925159
411626
296098
818259
220954
284614
398565
157020
329126
676279
296018
433471
895522
11420
379297
964037
173148
751873
520150
317398
984228
465901
215942
722594
281358
328454
784129
599545
281953
116178
373404
723464
44156
185854
541723
265110
470469
456641
938482
315947
132920
234501
749418
544794
762273
128716
508831
451773
880589
28982
285523
864817
494883
17817
587412
292593
346271
887893
892139
144577
520423
781895
384393
80932
967749
926117
346042
438218
899110
284525
270518
32030
35378
19936
93176
314003
148652
602008
765776
545594
147342
51299
926763
158577
69116
30527
451171
931740
434773
859662
592669
471548
641557
977062
552480
125658
419531
414875
563877
318641
699400
834395
867023
251130
370683
960200
565133
35688
78560
847261
581282
225902
898560
24397
900831
484028
54925
352002
415768
6050
211664
524789
477598
369573
501852
546431
495232
921383
961306
575461
240025
177058
409856
623400
428188
780539
583600
509673
816227
178512
356934
913861
920766
771846
938259
821598
255874
509536
689952
187995
31938
901617
712784
509536
787542
730988
55967
282774
652372
533625
858235
408749
710683
784443
32149
138871
81335
132102
648544
413914
826966
521830
844128
747733
293676
298739
85683
65903
808275
775635
770250
356565
193604
999386
866101
981147
730375
438421
780273
899099
488398
638509
307848
199082
939304
856349
854305
536991
504803
502850
950906
331770
541032
795034
595855
834709
610125
681538
416964
418400
457173
187214
291317
650778
186600
673770
148277
916975
628543
928550
816074
116942
83411
640274
316024
539068
496624
170329
76059
1427
189531
26965
849549
730564
338351
445404
81625
948476
126942
498589
883228
100468
202155
174545
267598
388755
848316
415875
822083
476859
860777
154509
593801
944189
794784
426177
483257
807760
596507
75668
325539
302390
102634
175089
32954
957337
136845
630931
422166
263788
645872
305394
880608
848027
996292
148206
753135
360960
80433
575218
837819
941210
246079
947973
401751
40863
890502
401360
364975
3361
477029
690515
305752
96015
381956
855058
53352
518801
485990
475518
298941
131862
297265
695901
496242
293557
844107
249377
654517
924540
824595
8688
382103
70674
473013
300206
627890
879868
701567
509217
883229
178596
716084
188981
790963
98040
560392
844315
133194
562734
836186
948487
210948
133451
644389
707190
943360
4848
956567
597877
445741
297514
122917
827844
884541
112283
128050
512431
992151
345969
21648
875380
40917
254085
580714
831880
352125
141106
676196
1671
220192
28734
950159
431140
162185
110900
138331
621897
115748
611250
219774
561489
908765
859043
905685
793306
971326
550088
822089
479829
896057
360089
871562
936975
614174
452276
768855
966300
109734
961403
484323
329926
506489
950834
277418
668674
61734
415749
290571
693835
27000
26697
255324
935765
402093
677362
245423
889771
227450
67512
369601
639859
427601
757515
93186
41776
209791
378394
524428
835877
339797
525103
682155
846287
475938
959573
31313
537672
891675
838237
231507
918675
381286
3184
370792
299731
196898
132567
189503
940700
200079
75456
580559
144032
832971
673746
702160
559114
52140
742940
394991
908289
268044
593498
270928
743982
553071
818594
798006
961098
656831
545866
396125
554469
549050
766917
854201
745948
415836
43704
686648
132267
635512
783559
276300
468483
973657
494812
27597
542149
237753
938940
450439
22149
532438
237719
766131
601861
56313
80489
562960
229496
626355
959085
783966
691757
242355
638167
954057
658191
198223
157057
306811
833735
940617
583111
818570
914274
594275
362519
972776
832028
817811
423215
854177
866601
177286
136660
468462
233600
733502
547774
463096
359857
23212
763414
567967
265567
401581
522024
440110
116156
679082
746921
949891
136051
846384
284813
566677
440660
647332
539453
789040
465143
479020
159570
331744
656307
812582
316559
889907
546084
380685
869355
422294
403897
632770
990261
185816
550703
512285
625927
666860
707719
889200
133103
843770
251937
417917
410448
208949
581601
949901
997989
46745
945274
673911
894841
601581
486494
727752
491488
32578
108438
877195
971224
512335
509965
961485
698152
60669
990123
840431
727529
697842
245983
860632
541613
497920
794901
468413
223221
376503
934666
221211
939600
879940
895122
350793
481521
897968
78546
489361
446899
703336
366557
418123
732023
392874
379609
946527
969895
369732
303310
213776
583926
549294
74409
641891
563566
385662
110304
786788
762165
561323
524351
218117
441263
935825
568911
439137
350146
163809
928498
797045
383497
811407
215168
115520
720634
594777
62048
690529
480861
881710
904306
64788
431004
495067
706679
510923
880729
333336
814063
159247
894659
854766
377364
335922
306943
462627
291411
657089
626436
219910
454134
9933
547669
669303
641806
268303
780432
220206
958833
261294
101916
863139
842434
49273
358206
65465
76548
755287
398801
890611
914534
293460
261729
808251
145735
568672
270878
437146
225762
413667
173408
679896
939952
721078
349199
98110
505733
645984
318316
464566
907278
936585
844057
749712
502210
718615
815177
578758
473903
730331
985721
904789
540143
247450
229392
202230
816122
16623
155729
41884
430290
329137
238133
886594
566567
103684
984705
72301
749668
819373
53219
173298
755958
897277
923010
774520
615892
254540
353278
606147
501223
338999
27289
41366
102801
256681
243597
918924
273304
399326
477160
219946
244815
231645
106541
811383
335330
607598
400036
601350
426971
453255
774649
699282
350532
214011
473802
482777
984903
343433
88924
486126
198784
116213
527493
301586
372895
287442
736862
162551
686768
214022
382498
931583
962020
5391
259318
297350
612989
659354
415052
39960
112610
189701
255594
463142
920065
729397
945919
904968
589182
551196
907447
787966
667409
434940
89552
556656
722382
826414
235560
925502
556789
618058
857085
518809
623449
632756
332511
236438
292110
747563
792750
404720
453617
48345
384215
890034
294094
846486
795002
399628
397682
702449
187594
581444
653741
277147
654452
892475
619913
890012
817977
176702
508070
191415
211863
647871
824171
544374
400661
116281
808290
193412
37354
261907
758109
421569
151941
568555
784407
463295
968183
698442
682097
155777
279886
852190
949276
934338
744666
85542
340703
562643
262244
365125
270410
474108
12997
94581
534834
413658
727215
343124
123422
764569
605031
397883
702490
273324
482790
3249
736620
450973
701691
935069
123103
981577
787259
588731
432268
531925
674273
289323
610921
452870
654448
881331
443330
667445
492265
978164
597456
219480
321289
237230
984049
926320
151466
202891
715997
634256
206140
968969
601582
907832
904038
241037
405761
207649
829768
354381
739575
20394
643704
866848
473264
298153
748179
916594
481950
240444
411110
595758
976276
732399
832989
476677
175072
984455
679568
891069
135063
402061
860038
736645
826245
280428
977682
232006
488077
323803
102740
744004
344197
262796
610852
333813
560949
875384
766759
559252
632180
177869
671362
608457
910269
504351
85134
601693
5158
281055
492762
140222
683116
869152
393219
25713
665932
370902
774071
154009
694705
876811
898014
555254
139608
25218
889067
216909
900602
172178
292513
532783
350047
963876
141240
776668
984579
742726
378361
989738
23781
387475
646312
223249
772979
39531
248962
438911
926785
23034
592921
621490
416197
7287
176744
72157
548857
582163
289067
449460
754341
581580
498595
620741
61808
639835
397409
46388
898913
292123
36126
439047
195950
198790
662296
968930
754673
427611
407841
681459
966997
517114
302949
383194
40753
996046
455352
589611
94561
260771
39071
848903
358703
537666
469644
420512
693853
383405
466900
592766
191880
19378
31813
387831
218168
210462
356761
489193
154425
764602
170652
121422
798069
473602
20968
838822
986000
992672
428433
80561
253443
983856
445816
128499
521522
431812
549011
731727
815218
532263
840846
523450
67993
389011
911281
286161
599473
784394
291706
753898
548997
462359
391672
863418
452313
412641
702240
438313
405313
130674
35226
175109
630882
481043
303608
152405
912855
368971
400484
244425
901234
241330
767876
969227
630342
195509
771740
746167
979904
63446
16418
45253
525805
408090
908671
978118
820731
610911
932783
742397
257937
968010
917506
888820
965405
221114
557577
394612
106437
474413
639038
7671
715744
923266
493250
862438
635127
781342
124957
615031
361140
141375
660284
886946
549466
85307
381416
886549
212571
830552
628946
986860
314914
62804
392032
280319
800270
465961
191283
906707
940375
830321
430730
172471
269939
923980
34909
905067
221674
159866
36450
582815
817594
213087
986113
883412
298394
883881
769961
27317
714433
915260
14178
29347
978064
406210
826018
778335
872172
17302
685042
328899
363975
632125
501370
150267
72457
536279
571686
294132
212497
124488
876947
546443
337575
863060
429855
152322
746941
716169
179639
977727
631429
710169
523426
609493
116380
865797
904180
504904
399451
105575
833803
763426
737700
335173
430045
810157
387804
518083
620641
116653
642572
497588
179449
980147
877000
609304
648821
623942
325473
828461
118021
473254
538630
641447
599100
171362
507244
503280
192618
906695
125207
542773
186474
379259
394298
132871
189417
782102
650955
810058
415108
293527
823999
594557
790026
700999
720213
438848
841293
45687
783661
959314
35293
838643
117114
634393
526358
624358
137674
718976
47406
779233
261750
750232
158493
172400
883103
864262
954503
50410
190672
885963
860289
14671
996872
650316
715671
717085
605516
73316
279124
905529
548983
314418
744172
666097
948811
786882
806807
602837
505859
854213
382071
283961
604445
56916
456361
3901
921178
927216
54311
111850
329531
914601
126522
326403
81269
358545
559841
203137
948213
838965
108666
497196
153383
369190
163293
618547
156073
970101
737736
178284
340666
636159
978597
461464
693075
951310
465365
614253
878527
36028
242456
724410
466981
885330
567166
64602
760227
127007
267739
708440
965972
376405
205637
635708
745596
885282
770607
418021
855383
508343
596305
712402
144503
574902
173866
353930
526212
155583
484536
921091
191611
726992
645502
174945
612322
212668
239547
372549
856027
507287
80989
338351
400044
802978
974059
661992
688261
261018
80013
59996
769362
676318
772398
430217
767572
946264
784147
293785
618199
268683
214876
326163
512027
376730
501108
124349
105750
740655
13250
961777
764294
610592
300129
164339
929922
790540
826331
618183
51559
906345
194532
337273
99015
966930
283842
866588
429547
67989
160373
47746
853025
891601
373909
365052
268332
391369
5754
890434
132025
535356
852212
412671
145948
668693
577010
75871
975585
403342
210406
543496
826039
404938
880769
925054
371869
164611
791642
317768
748953
468367
881866
118330
359969
255776
483382
144653
163497
5488
551439
811874
540845
920003
224546
203145
588696
801556
279016
80634
721250
5775
624130
547289
410713
504900
988696
298934
185863
296690
616702
934816
765058
498569
53146
641379
270697
52881
302384
950546
58369
853823
762421
115566
773827
986967
318712
878875
304875
114080
959509
26126
119855
583640
89767
46921
88540
594815
345855
274403
891506
478910
725572
656564
493831
295070
814295
764528
864303
116679
715074
922673
970502
993847
554591
744329
980814
873303
623205
285690
503736
582714
828168
139943
682706
434287
186864
771246
29103
532720
562002
920609
11630
803926
93525
505461
615348
424172
786341
479652
540851
17767
402325
27705
11615
473268
288387
508781
862924
427944
310823
366660
527010
655343
506603
209717
89631
209820
497315
635086
742540
59317
72047
270522
379595
681924
292335
994944
106096
595028
474596
163299
129147
393273
707356
657114
866541
995743
165896
245817
940039
993071
612477
467050
164767
635433
676767
254398
845253
174082
405836
104145
749752
477883
891019
645699
676159
183354
640643
782255
778382
631591
461906
423881
24864
169262
80996
407758
681358
763244
653575
621397
756315
782405
88447
921082
417838
281566
691832
779443
972001
614020
883588
238105
91903
774607
883804
284414
474313
40800
583021
769047
672391
44927
192928
697256
730542
273924
621366
411900
553520
274941
33297
826188
57346
638097
747270
991536
436015
955455
770979
408016
569475
170919
162473
177731
461878
46278
978497
936191
87078
561519
221590
275821
606446
414519
489429
853340
204795
110795
781592
758316
385737
331242
584504
443083
969339
848126
434620
405354
319933
721951
329723
405761
892871
492196
99844
871101
54826
78341
807293
658256
639860
28883
934078
762659
959754
423507
615999
164550
534303
397592
439218
436392
728834
540074
879475
214525
904552
830447
136231
224486
68751
982306
146599
477974
474503
246443
349075
45681
841136
672720
703938
480997
701604
154368
760008
177710
577875
892359
858612
628530
806303
297830
64922
51489
354256
460750
266014
258809
807549
918598
999647
876300
900904
146246
870626
891759
909041
219702
453793
750177
892422
157731
747526
110378
312099
507534
288089
406326
399894
146701
551209
206197
960884
132483
774039
831492
593233
556405
90301
917135
475003
606300
309787
892260
752546
180414
300371
177939
916468
754164
928117
808890
911895
675643
435621
740346
183178
240062
663025
99424
386763
214234
821973
863999
346717
596012
695492
456303
152418
302145
373438
143773
908446
199577
552385
177344
379991
852757
355284
812811
606921
283401
621702
35169
959044
573675
291867
658574
813737
471244
757998
716852
685478
96324
580852
548548
692336
792696
521203
361106
94841
410993
21232
519639
610570
573617
696984
506914
426374
568620
319725
549648
852021
457779
101169
327417
31454
393036
502344
361543
864281
776694
78396
66111
873018
175600
131011
81707
968296
168566
959165
579489
579559
980397
99129
706482
554015
312465
729748
980389
397437
49473
46389
249458
23605
147558
93227
571411
56947
111923
932955
437580
404970
11351
503691
277988
186951
151055
876047
671599
319621
835213
251088
415533
815610
866569
122015
369625
695386
368115
866367
92823
417588
912756
858633
957545
576667
468213
528957
633614
580136
461912
71194
985106
989615
91237
779447
692918
758644
655494
364517
594618
7059
131957
10151
822670
514879
648518
708647
210265
16633
575014
819441
950573
4123
678074
908119
97142
662639
953428
247108
242776
931692
834654
744234
921307
442243
40033
130577
200888
211880
11446
795506
218939
659755
322009
557961
174634
970527
266609
901252
503512
357975
720693
454085
878450
915119
878556
491944
577759
831984
739052
336887
763676
573706
597473
201335
532302
637507
331912
733190
849387
343358
45048
584678
519466
883409
142640
694100
853936
925601
111704
873800
799928
832397
327885
678379
263869
722794
170323
357980
554778
425728
694867
834807
515786
292340
36142
48088
446199
368055
297630
811938
227765
859030
912969
747231
742439
55609
957684
112727
497562
69388
986527
297490
418138
830765
492221
198359
553559
178897
556339
624689
604625
251206
459496
120411
59898
495639
684852
22450
380046
982482
350740
124163
841513
263709
387747
583952
835670
345431
213032
333232
931171
199559
630723
349309
546676
122944
547668
100235
301841
620359
241277
422818
387917
700773
59582
447816
196412
744434
986618
92810
243268
337358
216974
84781
601068
604721
185086
436738
466504
398118
286323
397675
114029
917046
263337
660706
556342
327357
277293
374536
947717
518570
313706
335634
219344
373288
299802
932108
117722
286420
24919
360991
623779
758245
962124
741199
362966
663562
694289
829470
61680
980612
743497
692062
414010
6834
352768
970353
334192
146413
861241
281909
664984
174947
617543
400680
548236
917346
332788
182310
720118
874059
59653
860249
632304
21778
601448
511622
685340
812090
857444
263373
792702
117294
955435
206713
124128
824555
693418
458320
970968
554659
256581
152304
245958
390477
552984
310546
307823
885773
9209
544293
276184
68862
404543
424841
606992
522343
452815
292333
334433
310260
72058
643488
427554
543845
850201
68034
884752
59971
42707
855720
614630
299288
8025
376940
689765
561009
203839
513940
963134
213048
574586
755671
281910
979129
180512
888903
17824
633327
697588
352258
459939
769646
995746
403845
829843
362299
471880
714595
422270
514587
86667
553252
330227
611044
446544
536345
688406
650383
50285
167892
863431
624871
923563
145342
120352
104075
550597
138177
737403
764537
6787
713694
50535
2533
117540
880378
881184
589420
111325
303454
620359
197992
373058
950586
325389
819602
486931
13795
469986
53569
181687
849769
194792
105251
511463
315145
725678
62060
969674
979433
826597
976461
693128
877132
495346
810668
273862
376530
916440
385187
196336
536799
583180
569394
3737
908569
905348
490669
438716
891686
544238
620403
741456
739030
242006
252919
570527
484037
314980
540201
463470
657929
516662
156598
535062
12008
483618
808924
904890
400058
710464
101226
453209
293644
186972
456947
718565
608673
463968
673633
500359
524558
294036
241815
779940
52395
494735
350468
536432
809715
890669
516254
983996
923684
672853
519058
452044
672823
844335
356935
589234
554799
974513
42443
364795
677838
15742
599712
286511
479710
273345
786870
4268
83733
28686
784209
136128
39773
651029
188912
365840
58050
705167
349836
981734
894372
868895
950131
83547
229582
823418
672781
300733
797931
231577
665528
992121
763671
265240
278632
243382
54937
581855
764002
138670
126893
64563
791151
166666
715592
980063
532506
289995
201582
882342
271729
612306
267589
738212
695854
13523
561630
884987
314256
875914
632916
496136
868035
396588
277728
663020
156322
332665
244875
436676
471336
888120
501240
778839
54786
733184
275254
103644
23179
476837
502338
811261
605495
286280
549473
817701
299803
627456
702689
130412
503370
335605
626548
371405
248545
904277
34425
404867
753294
795652
841544
740982
683772
859136
519821
254910
108672
795076
874906
648204
788265
893597
459465
393760
179877
525290
211462
479680
152746
430503
610092
656116
282460
752993
543874
47358
173622
94651
452225
926916
890304
810121
667899
90428
185609
187720
861691
294282
499148
252949
942486
287413
146546
918303
197526
326423
959945
925340
322456
112692
355843
932548
285160
154655
201893
345386
202013
375515
440038
170591
302432
846694
980712
486683
937122
682674
674403
315165
976956
689904
568115
435794
977317
714661
870449
691195
41085
830394
616535
879893
459438
488730
328793
260951
643386
530687
606337
361751
906202
46375
532342
724986
893069
29407
211669
346544
228433
402425
178061
721741
92329
746176
157535
585998
460838
27984
277194
18275
374730
410081
898168
834169
898812
743313
95120
58550
274000
217809
936653
696555
264185
468996
421541
673606
14755
633211
536502
243188
551988
714564
481281
644317
460740
638816
230315
437930
183152
23861
972557
74234
433943
387077
908403
849107
130391
519875
907657
920743
737685
844310
617298
518222
829658
38840
191828
360765
188403
244683
120305
740391
959247
601586
901060
936339
756754
647727
890622
456258
671589
379531
530493
621884
282961
955248
470991
929704
475124
895000
850447
212809
255662
984098
731031
601673
539290
439211
478790
727693
683894
599096
984436
159493
717034
401848
612185
990141
49575
19159
446399
237516
915042
493244
375752
198003
448493
846743
127707
923617
258095
494507
652778
30110
478605
383809
631783
17895
339372
110573
261940
23267
226021
246376
699112
459408
648224
827649
449549
214151
363160
895948
451668
278203
389193
827420
476206
354038
190516
120266
277655
964963
131125
930433
995073
609730
830594
143208
143977
169966
770134
405917
709585
512507
168645
925050
971915
333221
752699
421464
63724
115860
833765
515392
910415
739310
859165
386621
93348
566033
23239
887355
530996
154364
817788
42422
280446
164734
701982
424423
851052
472116
346692
560638
984624
31689
2040
956539
364910
271091
378004
428635
903303
728121
460379
813718
467431
835896
716692
560779
401929
739931
448134
449278
410648
782274
491700
207446
463360
710034
148222
314412
182151
494914
875050
166775
526604
877090
639666
407866
148182
534022
352853
51485
262143
329585
381556
729574
165481
98248
806705
567411
354531
771191
533041
765179
553465
541093
972626
16825
251127
120848
331238
949630
132114
722640
116405
175070
116083
272424
582937
780617
806446
452142
348454
584942
781727
730010
830868
947209
828258
637574
30972
182790
408765
80365
464321
478583
621458
953299
11760
388937
590499
859350
338568
238966
581991
971325
414036
214426
243749
513325
995043
566548
965468
343497
667842
263547
589860
498710
727108
934470
652636
274432
117260
577754
354797
97934
56337
492607
567585
68097
881545
674437
927448
220113
913403
25791
191438
327439
240217
951540
357117
751612
518088
838937
611461
185930
102484
201321
200992
829593
135792
853629
104025
769404
431383
975175
383690
4072
467782
951276
588521
349327
625713
515969
85792
539116
58112
277231
382907
814681
228771
256376
566293
263211
95313
177755
965493
714150
379076
682837
60095
31220
536466
680472
800625
484201
655647
184315
4625
123430
651943
593147
989109
277656
625468
74902
333124
683581
352133
232384
498262
97256
488760
64556
876819
100426
758663
358664
814576
137739
41501
391023
685312
94320
71495
485937
578521
727143
186604
583147
366925
838548
176294
356034
632556
318114
430936
965681
1695
299421
714417
16310
913029
719529
80866
789848
336307
839529
148512
667235
493620
190014
58258
178932
800686
129754
181221
379207
856897
367826
478706
223822
722726
171352
579856
355282
489467
527145
837315
7514
826566
551732
23824
255948
787614
621042
45796
123921
976923
710661
791157
470544
417027
849415
165828
217713
979169
347050
113272
352418
231228
108331
92592
953954
279683
188801
309236
285502
715946
146552
293017
58864
214636
833193
314812
518602
454236
876961
642524
431159
587622
950033
418055
521001
315800
583884
738714
811322
447286
851986
680092
194866
960317
772685
148820
756353
961486
974408
558207
193784
637312
367576
252648
368301
200770
83813
886903
171358
477126
45779
602517
581100
512164
536925
102101
827965
637161
840815
155639
84447
209153
835731
795665
685823
608416
944485
958528
86254
918893
516735
280038
556206
884312
49039
440859
601434
649204
327762
772792
126330
373542
891661
707430
885706
428586
809531
230023
582099
166698
385662
666546
892203
737746
978563
94378
862514
923048
52906
948769
358294
85994
228807
430852
970306
794198
871711
88092
443402
199473
377236
569732
89367
268897
793514
491426
213836
119397
237801
795935
286095
623464
978834
694651
877562
957397
789029
740076
396798
841936
688845
755092
927930
434005
185944
414588
228203
574007
19032
187958
289832
396268
274042
379200
181517
67557
386978
395353
186954
624779
707641
989402
764595
202827
684053
642157
160224
473082
382234
73374
831370
587431
828466
759300
21436
530762
690240
765992
104769
709272
953950
394602
621892
227992
290154
803410
811901
677132
198763
998856
818263
422756
504610
582859
625583
188663
225016
302160
178097
123602
375534
9468
227386
720353
285120
765174
251115
975361
531166
872237
200985
1468
783191
822878
745813
589697
626288
74066
783181
341403
589274
601444
764160
93884
184303
906095
282547
925672
208255
460645
565626
100142
470113
793012
820495
271585
558187
587962
246946
605705
976551
964284
123526
276094
787162
869339
865791
929802
943405
648972
271205
532680
250417
551717
142916
951072
457813
425464
876744
182420
402461
442371
282562
388926
235383
619409
660511
309922
723724
907458
915628
700275
388094
39154
976370
175256
424845
358513
105058
884602
7486
376263
933634
774255
444333
76551
725327
902146
18367
118424
600918
420828
77147
399833
809754
828882
19242
986617
138805
742966
410427
570785
443242
798521
609939
935964
973777
551136
294477
595187
435738
818315
487803
369373
592570
932136
962276
834250
350634
980643
952674
951552
401471
29821
351385
727577
375055
886980
714194
513860
629946
124622
84645
589540
923143
210936
525504
413273
762072
336334
8460
714163
154649
496263
83536
263572
428399
562164
97822
779033
542807
566848
246938
944278
113021
114675
188207
488076
1655
902401
518289
631602
27023
602934
737494
466519
330223
779351
879792
608647
115685
404604
322810
786686
900868
922698
50258
845619
484862
148080
141005
27669
231280
387943
488299
344301
502618
676506
832378
20626
578908
350667
652228
122283
469953
906074
105154
316528
685425
501298
925176
317462
905903
247986
104149
806771
170685
154407
168742
171899
818840
309747
199569
50120
697690
687868
394422
716661
880727
743152
737287
975987
610171
905867
98270
596476
328293
719777
913005
13719
221075
838181
331181
126978
86167
435330
450101
773204
106090
618844
945104
924930
928591
661025
491402
142634
865245
402176
375647
745972
661680
629286
721959
271851
51505
336582
868328
379798
56359
781333
393517
793786
619514
241051
920765
222033
192733
887218
511590
298823
506062
973046
740105
951006
634071
231508
609992
15668
633684
985639
277993
295365
131277
516304
83568
182782
852886
951896
78932
425597
249581
472450
735736
385447
229853
172853
123833
422586
60071
635423
721410
82486
124821
461515
33492
758892
209375
643484
290912
359412
145475
568905
654777
276752
85210
254697
975886
454448
722946
54818
396398
972527
43620
132134
874327
273473
304987
514512
696060
365058
149935
933822
447544
274756
395337
997388
550000
604713
157224
840912
964125
302699
409818
135254
95803
11380
389951
71689
465828
629249
126508
862226
118129
170128
994360
992456
443602
299347
506968
656014
180758
173255
589836
144654
964363
501525
142043
30715
622590
299267
387979
103067
118319
314149
238321
214122
325529
144625
285812
791358
290226
412320
169936
408355
98800
680649
400811
58754
979996
424131
714768
677106
113738
304604
821761
594453
806130
480156
141520
945072
779423
529500
48140
897742
360001
286461
111865
685531
947438
914029
993241
237665
842701
679529
646020
941501
360178
563184
256
856527
503667
231376
533633
133758
52333
871746
244563
374815
351902
386084
319887
647678
431936
368027
61772
308289
170841
689989
993820
118279
120370
503413
872296
963071
182943
34669
904573
59473
114205
421181
916000
134224
652557
965986
267982
704890
354084
28898
79705
222339
931334
399593
386369
363270
767620
448141
187911
938461
654483
181732
573093
774853
201497
961741
254277
900792
996410
158850
476618
110615
96383
392618
244840
748940
874956
29174
970183
229041
58072
49888
451380
989406
965833
837749
869028
249806
802242
56940
704619
973077
755024
277712
264283
472873
239454
518560
373666
752216
193762
850284
862832
290145
759254
624024
555437
634211
653198
41972
379604
227623
608213
347336
733381
574046
185085
602410
340204
503679
175702
44824
993109
447078
322536
257392
919951
78342
292304
809969
830559
2418
176605
209743
292563
935860
833767
364352
86423
3317
406325
982379
230940
530890
329715
480674
104936
31152
83084
445141
534831
775138
489965
527940
222216
328853
301684
142167
923548
593988
952137
754107
596406
128742
480202
405321
580954
313969
286026
667377
833638
208703
649756
580931
739593
495823
61605
360881
526975
661041
806022
61807
436179
812339
106099
658395
657545
924136
316914
581093
518124
269051
851552
630883
914146
331754
552556
495100
162075
354934
678830
995713
563637
844938
92996
819582
340762
154601
180464
867737
331994
502838
445896
768173
831530
551996
942920
5427
476132
259835
586520
510608
45238
954424
657843
959384
802530
726752
970837
964605
81686
649667
476670
161676
10957
86019
981258
351719
756972
161722
735809
88967
180913
181705
857140
12443
250053
316413
17870
242537
576248
120742
269498
621486
591518
927341
580871
394048
654093
551708
875005
252132
717727
868027
413808
728684
470398
395066
80404
227371
73141
332565
316338
254054
514270
689830
782849
280676
6243
317071
523213
582491
437813
792711
203978
545683
236405
301201
939731
406850
369261
331088
658982
86988
715467
589142
332024
185866
984209
928780
413237
573702
261345
729575
344108
291968
935757
126957
572644
942001
960380
95857
40844
914545
404921
761174
460228
641326
62375
916311
564528
947988
247399
223511
34976
479218
812653
367001
665084
313214
295781
78321
403268
73479
324248
747376
365447
260006
390685
938091
718359
351065
550300
759203
265610
955221
520378
242190
112899
99105
158501
677428
47094
922252
417291
598422
401471
746296
481775
66555
575863
293909
661229
979131
367388
985477
242860
732835
761835
633545
187278
480194
500963
737578
755750
282925
209152
792480
525116
322051
891585
199969
515831
455031
122222
449474
53454
40045
195771
535229
106600
771634
345490
284181
267117
712878
786011
509977
962065
547846
143523
665695
544393
160838
403274
816495
443763
612426
608975
485231
450829
500560
201553
483013
955592
323775
932487
525398
880172
644610
576979
986772
416244
922470
270954
683362
151700
56965
709691
113766
121163
853214
779461
181908
530404
699087
998403
490520
827865
607378
975751
795047
624291
177304
278060
96235
17431
726899
621633
897603
371510
198612
400728
304106
121082
188034
503820
272783
761351
213512
902901
398866
583078
198714
580775
113483
897802
95530
604003
725667
219261
96106
37066
843552
789763
315126
939787
323546
558378
77772
737502
446240
276384
138230
266698
913819
842616
286871
702954
603967
500383
605855
519185
599813
804569
99960
229648
218723
195491
350003
460743
931104
446110
497809
774656
752225
329288
230795
75771
887666
308567
813273
850258
101303
467855
116956
531474
826823
403827
234428
947142
420562
356635
466328
20376
161205
566288
766376
896280
278131
116380
357023
209235
562490
854833
500243
831067
700473
247390
906838
104491
72309
236464
954749
173613
220671
588057
705087
47495
991885
455868
994637
928799
812503
460965
465527
973708
543606
231904
386341
338089
348284
743364
63677
427126
114549
563920
258193
331374
327663
681383
435865
399972
917847
390614
573585
654871
495024
795025
702366
486909
250893
213355
932060
63396
190673
397588
553457
734279
629492
456150
588720
494128
199514
652397
921254
830416
732670
179447
161790
60333
860830
114008
460305
295030
20974
550243
949901
515998
861620
168619
519259
628865
898326
451320
692261
88999
848908
762070
339630
994752
218220
928351
488880
934087
97100
926486
280855
829770
105933
958997
890103
483115
73005
866761
778145
93980
933356
244398
609978
794976
413017
129238
423841
827696
96910
632454
916695
462170
394525
256326
456922
129097
701029
462154
579536
798129
388640
860391
144252
10925
335741
550707
494040
408746
417468
788538
502726
350824
32936
629057
662152
962306
274647
85993
790002
371557
718448
223049
350079
629325
479375
323353
274774
696756
785507
854311
11238
690499
231054
155490
701424
566795
706197
711816
491894
640018
500354
994620
990842
49643
140029
169347
11949
414676
255340
801951
302585
490140
25000
169016
635817
20728
492369
910592
233836
277876
281255
245074
484727
512309
916916
702503
595457
623114
414320
87351
263132
431026
598323
770326
480669
254705
939673
492618
185733
711366
810921
488319
201506
352274
173687
837324
889354
666057
264268
123190
460285
545523
884617
945013
574184
801533
647516
685993
424647
578188
773344
204131
9215
888020
490810
489884
142725
430483
982503
328458
658201
309776
333129
859708
662050
506817
213384
551404
689226
477652
190947
149511
539527
75564
94524
113711
877097
258393
799705
818097
352933
89401
538580
362148
493773
29390
368385
636498
976226
350888
481309
634427
177016
330790
494135
839067
353959
223871
906823
43185
217875
97770
192697
757402
173334
803573
871114
566784
61966
187171
901233
931252
792924
439813
293400
286698
469204
661785
923196
445430
529025
920857
79857
706042
251648
90345
61461
121959
314216
968284
165145
532092
582407
357842
289494
272093
161415
676960
838877
739734
380483
740110
670986
173408
179924
480738
460106
165480
658876
899654
610910
187901
336864
690767
410295
104864
297464
988108
226823
611681
472745
391968
660125
55152
749810
465971
843597
427578
659284
682475
683664
39767
938937
871002
729527
635213
351740
189633
800693
10616
605640
411603
714870
942504
618723
641517
47368
916187
629626
274191
44220
618723
182512
220697
190227
932322
686669
33824
876252
345953
232651
559916
902072
171589
430918
631600
806802
299011
337585
123848
825979
943225
51803
540849
402081
670526
698719
965801
103066
844697
756345
663638
463420
938857
884336
169999
387531
87357
203823
780136
949662
436475
340052
851734
608064
287323
999686
931218
102686
337272
571418
928665
796849
623222
985867
715283
810100
684586
681084
913166
45635
953781
93157
25407
892638
977493
195406
796522
581202
399229
576658
530864
835704
433062
898950
960120
236737
898637
407691
339423
235909
979109
784441
549110
118683
770308
264393
928784
971246
461830
841950
16881
415611
451459
42288
824602
428952
237694
621124
526506
153275
714134
57370
505332
147196
956321
981804
383934
371310
389495
239709
607219
884957
24150
672681
519992
794458
453427
448776
282056
915257
807079
298937
847220
258538
857577
671822
203843
95271
809298
730349
764899
523432
787720
270231
186981
260393
252035
87267
631703
157883
326976
755274
559192
351127
427955
79184
661937
397734
527961
943994
312991
335040
759283
160212
593578
616861
348386
797421
228484
157685
44123
993383
197469
831843
263614
384450
608588
515650
471717
240291
189885
798694
995565
749077
666173
939872
828261
844462
337607
356222
304808
166950
207614
64092
843514
317545
680953
191901
631318
425789
865938
675441
419173
63407
507284
682787
447858
632224
714789
435927
872515
421026
750973
384432
170103
417146
840657
514717
777961
178264
387291
82769
861566
594906
663213
705081
428803
860518
413334
60121
286308
279272
735563
705481
859031
759199
904620
306889
391424
135762
259169
780291
556788
10142
164724
243244
943641
5381
757961
721602
699997
661604
320723
561563
772862
983937
782996
201665
844455
196330
261787
130763
475602
513702
352596
334634
272901
257217
157875
180677
909331
417044
960969
982471
943539
125693
225715
887180
647426
500028
125134
863775
677985
445857
425338
450847
946146
724687
652513
306954
921017
914300
954069
912972
428002
306666
763958
217255
80235
921833
397933
989566
855230
358902
972037
315121
947
714105
718653
648373
730485
843787
512148
408470
805996
453838
859318
268495
694877
28183
575449
615895
458835
529518
45219
403189
352536
809177
620444
432771
247362
534729
938689
618944
893631
427079
934065
410930
141184
652718
59303
388021
12857
87803
312844
335206
57994
172162
603701
752871
716697
695502
885118
175532
741372
930337
578721
93909
739514
715517
526680
503229
250247
465370
122173
143878
892449
572591
554809
549985
741661
130464
454358
754519
734620
767202
606077
308966
455716
726130
578189
172413
421632
463308
347945
163004
909997
443018
256913
165864
158536
299946
669093
408783
281668
791266
69013
690469
363857
140174
240454
105519
786991
211164
376390
37963
978367
982467
346929
950435
708597
925118
122849
646581
904778
987146
809585
331128
946517
582851
496992
105053
882797
166085
30188
680817
473703
99201
371286
353913
755728
611740
975784
542719
339256
352174
580682
833975
850993
927611
784411
559590
369081
423612
722523
790212
410758
532108
121340
873627
631311
618332
978680
30460
300769
525220
711277
774472
624422
82563
128385
380150
210655
104169
439221
549912
972695
19903
383887
823688
463866
684650
899630
349299
108262
622153
139511
35373
670614
260851
909000
301925
395535
404033
848738
696304
929253
560015
987129
553675
642579
631866
450177
369586
252388
889398
919498
225083
425653
819738
565124
889519
504388
464754
238819
612651
603260
894682
164376
790226
671886
73376
608503
67421
477409
457241
280078
923015
17257
783559
993042
176188
415425
443220
545774
184165
848970
981625
409249
790976
801363
490725
680495
822103
471831
435666
951106
75091
330349
115482
381669
2235
705211
990173
586008
698972
447414
382438
621987
981023
165997
615030
157211
97775
574602
219338
281940
939924
200963
207541
730900
518678
214618
927748
857133
686450
879766
808240
277893
210115
440074
659563
728702
145285
649736
831063
360610
613502
213501
982597
594526
895851
113979
268089
509978
204933
3779
308270
661210
721094
515812
392110
756124
730430
836210
613258
933232
715977
937850
211126
442444
377924
387041
171147
39562
553129
2210
916524
166631
732063
415473
277509
627914
45805
61951
654244
250738
582082
962515
911948
303177
478327
820411
59301
725109
656621
188911
174694
888950
126761
385820
331395
21038
289213
18894
576952
842342
537456
493476
8973
269519
425301
802835
413786
471106
864786
68030
721845
446868
30545
150145
266397
25224
970556
842051
266686
143530
30962
441380
32480
674076
343552
363875
211466
632765
382769
304770
475107
920225
314598
432
706097
739899
803267
636235
211006
184405
704265
449203
147626
251163
599348
930375
792739
86257
772426
59425
229787
319741
17157
778619
510169
877061
658847
237987
509826
557968
59109
501285
994546
373707
501718
700643
629958
821337
336878
357316
522095
557495
806519
186073
808658
922220
116448
117750
524829
888875
177175
270968
724968
710685
49587
751489
587746
708434
989476
97573
266403
48585
115210
777301
938644
133280
477944
568602
470970
331174
925919
993065
888669
248790
179138
213680
687362
811938
331430
212191
217165
24957
999511
942133
735642
49099
693622
839741
273885
199450
453666
56640
764387
568876
833941
703031
702157
828237
271634
689479
159411
713905
682544
564433
479047
378034
294465
166410
189972
142247
894953
407138
167204
894465
865623
419199
459916
75598
258940
733801
275048
712606
306794
555788
797834
140735
258819
16343
968973
46805
705822
644736
760710
388366
209169
756110
282752
503634
922520
472725
162233
333825
396215
329438
228290
261838
264989
688206
337436
40281
938360
128837
269239
245154
684625
67073
902241
459796
83417
871214
506602
789239
32303
783664
693958
241472
539774
976710
261459
978646
965787
940044
312472
878354
269482
57114
140193
50823
261673
993981
91104
200033
639170
360343
961539
840147
943769
863780
299944
27186
251347
322898
332777
283650
106562
543087
41474
162689
36150
819285
141335
1937
759330
970159
880292
545164
543626
536837
595988
805299
47170
203444
521684
686341
80140
483223
42840
23909
347003
342784
51095
598350
665682
900224
882000
288597
443312
923475
451286
479462
259112
108973
997751
18442
595485
394395
563607
139111
931232
675947
460762
494755
879391
982446
697448
475883
465669
740288
499792
812672
599425
67239
411023
781459
967464
809375
70056
927128
249202
37694
922942
508315
663020
920693
526757
258505
315089
606716
913968
762673
282663
374730
257428
678407
357176
954876
154290
822845
211517
170435
151869
810942
237674
79244
108753
721490
888620
695162
648618
654174
732856
571560
162489
912228
8606
205599
170733
323695
812315
601053
602720
611331
975783
860149
806090
849311
331377
476732
188508
59246
647167
340378
386540
884842
935974
495294
606332
824594
190456
771303
995121
439664
859215
157610
351893
867821
879561
38978
191516
691877
640032
794237
819560
132167
170738
625650
981479
18467
102382
686339
77714
265902
543069
464254
150744
479044
475900
273428
819990
666356
44731
815111
106021
903947
972722
457914
771768
852283
13244
479637
60512
653276
790226
396424
301796
477316
538426
283275
495783
157161
485966
89849
423063
29036
70456
90159
508080
546356
363587
328070
212713
924671
143182
835086
344970
632256
809352
633090
891
822596
112727
577756
992225
419305
490532
294021
412973
28959
93648
425109
186120
579614
514958
125535
608650
101766
215694
116730
648123
579281
961153
377188
20304
620687
728626
365274
769295
537978
998365
286538
876926
627444
380646
385503
46750
871179
679524
459723
416490
289524
401184
602610
869139
916143
244497
994141
534261
460191
627224
182384
555824
588377
75924
576129
725416
804550
457755
494711
858880
456120
297601
252159
83565
678248
637662
646667
549427
833539
622742
482269
123063
23927
84879
508554
456422
845728
502696
990683
822271
646272
689420
378095
234649
765344
470576
476417
86247
928332
971128
945127
900804
785081
713638
984369
463329
867653
147388
529108
701192
770131
11377
340607
794058
612608
365514
766832
974688
384562
757515
796959
30834
446935
175055
781835
728632
161983
258252
814879
90315
745732
276358
991120
530813
989997
491841
510495
374002
639230
555955
591546
925713
83685
932153
236123
696293
814019
2955
670982
198581
760470
467941
745767
723758
159348
527602
452390
321332
302206
267269
927999
47938
59979
435471
95104
566328
443665
121951
940330
82895
677906
531876
8608
761591
980382
244731
974237
794401
247686
161571
509335
524508
145864
255102
764618
305213
299057
217008
142897
601263
629
587248
165554
60609
22720
777010
626937
466385
415313
567268
65632
93219
615496
74240
371163
595878
835323
861752
390280
599361
23323
415967
640221
169187
671069
404840
990752
486478
621848
133649
604094
138830
720898
286000
199439
259970
63010
342728
726355
994675
426348
791987
87894
41845
382579
975409
637723
734254
837161
544355
333615
376836
960322
490188
546024
147744
895028
536776
634222
33229
186778
238316
172059
907676
40668
371498
683998
620030
230578
410353
614705
656927
718692
218952
698772
617623
194361
852847
351877
547875
397203
201844
924711
357525
692032
987087
21621
587061
40216
655844
620290
743346
410512
792349
167374
967533
680199
851372
587563
910777
261725
202269
567704
496769
421221
782828
114392
131934
635676
466269
196161
549231
668113
637225
423108
360145
140664
444730
947206
180880
616926
83848
924226
543790
876197
91600
511323
72748
459324
98887
983526
721049
301156
67582
734170
238729
850411
848562
887015
2439
314831
83177
551670
499296
236754
974778
375794
377418
419508
839352
558299
552786
923201
998877
96577
315750
606830
607900
388499
66154
706787
372025
303556
524295
439607
37726
279376
806370
402641
166392
808809
717472
765921
876831
733121
2675
851610
108915
896445
787470
948267
971096
340257
387820
969974
436834
703571
93156
561086
92070
675662
267874
980447
979218
308521
936406
533297
104250
742777
935938
786994
67938
169762
69267
944770
902883
71942
312732
528150
968387
616554
476418
455836
956811
864238
425810
909997
84161
35318
471084
176231
710980
255310
673030
690199
80183
609437
739848
184433
868566
675786
487779
452856
845548
557046
913978
264784
145340
226710
792934
630080
843265
785704
85916
316428
166295
511726
742778
250456
63396
730214
943040
774376
501876
132422
980927
582059
741859
720775
282845
126777
912913
286976
579634
758462
844023
493612
539598
989363
236675
332532
619443
596292
634589
705359
912720
800884
733437
171850
567692
796833
902064
27084
571210
920292
159507
68489
502352
417718
789265
301549
544496
702178
588525
124130
976992
948900
134094
516590
938264
370769
365475
557707
967061
516416
779419
396134
317300
512856
567984
401344
309690
986401
428429
397252
906693
587936
465741
925397
522006
771358
743298
66502
989889
848176
706984
483233
797076
841079
516176
735340
728200
881651
809400
695262
914419
588819
607748
231719
618027
175732
633063
927717
678485
577844
841321
101531
682132
823415
26928
204139
594773
286579
270641
101014
134755
493978
584248
931831
335057
100424
183524
579609
498427
509276
274871
412846
98095
882619
160917
232474
574704
310332
676544
769541
888177
517865
871072
570309
341280
898001
290800
452406
700932
561442
553420
835687
55420
654020
283870
906829
754444
983746
486438
769223
493022
277662
182069
107469
676633
342986
339944
767689
653319
16488
537231
57848
534353
408303
144509
391986
822656
435310
360744
523588
513104
430516
875627
84876
84537
159498
991705
355333
143244
994495
124557
636267
788509
822978
743736
981495
165965
600032
749184
335636
616520
286415
909836
150874
211071
54345
59212
550079
489655
419956
73668
519111
366824
465647
603987
451361
625145
112044
806695
284742
622892
447604
437361
411401
270582
697449
392896
952899
297482
658433
288535
914002
944848
198371
581228
672271
769069
640440
222351
775076
576748
812371
294188
943573
278018
898175
911286
419516
10220
234333
704258
633112
681937
657971
560865
952520
871772
470114
905419
169254
128547
710307
599609
589747
425030
697189
262019
194099
853982
722
485528
430730
813093
779716
890655
607463
194243
801942
26979
204463
552627
247589
353927
234565
905560
914793
703437
293685
384907
608856
462939
29806
835515
578900
619553
260546
276090
881572
970997
130072
882294
456525
77154
211739
236241
967810
819203
430485
286104
846182
151300
838731
93772
21580
589648
515684
452725
293085
809369
353984
418294
788661
383790
253809
367561
3343
514355
160003
884916
1705
290075
283562
458230
367230
495302
210824
851392
830857
641309
653848
677039
308961
8931
287163
330541
598580
319200
299618
408017
644921
653602
826311
949934
37392
80121
317496
40736
110828
993851
442004
112533
283927
241918
87116
167509
253572
297940
535253
84429
455601
189101
761469
280914
714384
564984
611456
312964
884184
427426
720982
45458
81029
63645
995392
118421
660118
829240
675509
287299
823092
633865
916184
623371
875784
3300
790880
129356
301240
842485
213786
273193
31586
491607
554108
745970
572943
681916
575287
973480
109342
812621
18938
190371
876266
14330
825145
52737
359923
17006
340036
183015
650872
256220
806386
43008
259521
113618
688716
77113
956103
418854
350307
504041
426813
420767
766363
999757
102683
341650
973237
212025
670623
508527
918749
63242
522857
260246
115979
399132
277252
456015
582147
444476
228587
904885
3836
4460
534855
692553
81574
7310
627759
948233
511351
54573
369000
277715
54330
471683
135717
543919
200060
806341
52446
635161
385935
91655
895407
501914
490788
689012
474281
589287
649840
702868
10525
653677
707329
545380
862582
305255
552691
490341
253488
64042
61266
138840
858109
631948
126875
510179
692219
326935
832872
744665
962097
218807
352673
857504
237073
843461
62868
711354
949100
712709
930574
959625
366386
637903
505006
745320
459510
574049
752013
229350
154443
813280
368190
528905
961580
495065
39084
653800
338353
871956
398465
300450
607115
267490
674306
844188
110951
737175
555542
576404
966236
2468
536029
332622
156724
557387
594294
616234
131436
346307
845585
285880
675939
730127
814785
637520
225193
370221
291320
563546
758529
206137
380348
365644
473628
54654
209832
100931
308181
281726
677335
274417
284194
729717
123391
440918
287104
717685
573505
418541
580345
419090
220773
256284
665569
551910
893804
890762
922131
701476
970660
680660
907614
351008
562656
381242
922015
288840
482173
746548
86918
675861
537318
371112
405578
660709
328383
692682
894747
418240
627575
991444
353682
364700
247728
19251
916610
657885
426366
355093
875713
397026
35753
783327
264387
114761
164569
702754
403601
163095
449302
490519
838956
986620
377984
244534
163682
222719
453568
574781
640959
597496
82577
994641
962196
846657
530244
878807
504542
956610
750252
380256
353637
786006
679935
134376
417119
360857
837130
820721
523952
286432
827592
879260
789405
205576
640146
469439
428295
610066
44220
585606
207562
126797
96599
169759
973454
626844
564918
994349
583454
315170
890957
453443
617528
570892
587819
34648
448101
424949
371721
488405
227734
199313
367665
533491
404890
524163
2930
349537
134230
563502
935144
858144
206651
31743
27903
696457
174939
592821
207158
758394
907992
