1000
235472
366733
360398
167734
976726
568414
424605
24639
73059
956078
557746
710457
989992
120075
19543
100598
109361
912102
859938
505489
972765
461991
862894
552748
381248
384000
697413
830414
987814
207138
564663
739638
573871
441413
907372
550597
526179
848329
91589
599238
804407
165687
826048
310752
285762
845591
927702
911475
757693
787641
416964
246810
765984
796210
315910
147232
696563
529675
977646
200729
736813
58662
940368
310684
500075
364092
861282
26255
212422
469223
141845
533181
634910
967893
843933
437024
813484
771636
348500
87529
75629
281816
850691
841613
78027
682953
988845
290942
212629
482843
8023
949442
541505
948391
260127
557933
828836
637761
100540
41258
106984
242385
574439
258246
726631
934725
695270
540115
706361
43770
143997
298342
325587
994688
139955
919966
677642
645152
727260
406623
127995
735283
356065
185853
200027
616192
260138
545215
770305
877030
586473
877289
119415
677264
135535
362398
128341
830806
418866
351054
390928
562863
649396
232867
73903
305703
152833
267897
950855
396445
674520
595203
648081
30586
297408
848108
163130
73898
909675
933436
950928
12500
327077
586695
689764
978965
949094
334458
326123
367960
685512
717051
930823
334909
949919
521078
156964
619104
788976
624172
15550
463496
735727
663631
10434
33135
28091
689917
107033
937766
623353
574313
950266
466782
161008
156382
445747
110102
490840
771870
478062
176353
488922
925237
27614
955193
446316
184578
574297
235292
325102
106199
215140
60829
769830
741927
93964
314273
431844
717349
252039
571549
291662
718657
38331
969023
875040
484079
79125
882232
772301
73540
58585
261223
515129
602551
732768
961445
303482
823418
713089
628584
929617
444582
689414
215800
186509
299730
530073
618353
17080
298465
189902
825094
17122
744585
794117
408514
228664
389595
290747
966
463135
865684
778541
494616
984588
27662
456062
288070
851080
685503
916654
780697
130085
122420
512849
832946
422151
42923
451299
955583
857740
157553
780677
391214
902139
91147
316081
647155
997094
606828
164473
976581
988864
943015
471197
973452
487029
443611
777874
338109
129115
694529
635158
775552
333301
148008
124851
755452
707283
576150
711035
81375
250056
8065
472589
668547
615564
788670
315702
612658
911850
480176
589239
417067
939543
576788
906871
426572
20400
684746
281033
665867
895627
916191
957771
228928
580551
82622
984381
804186
175125
211768
885561
425181
219833
874503
93728
835397
179525
925782
964407
91376
922310
69998
508443
861853
646787
415314
804777
183539
616412
602162
849406
512039
34706
807177
740968
615257
889800
725349
935796
64925
937117
821357
6458
673303
212212
616538
25052
391738
542320
989460
483114
464631
575810
507909
842836
222597
439575
163966
922488
55988
766128
771894
84379
317186
95424
825347
448796
985224
67048
384592
566501
520518
722301
89311
193821
934514
705849
218873
326252
248169
724685
325718
229152
816848
349979
588341
555797
305906
752307
478286
878246
34787
250180
962626
351974
345604
787973
800770
847180
371374
185362
930033
891892
424015
19344
85713
358529
725193
820938
201133
489715
545624
526851
718867
362472
393182
307208
918269
699089
575867
396555
577335
610655
163088
56313
478981
25044
360639
279751
872225
732013
981465
802258
623905
405480
821603
709618
764010
546796
46908
965143
552863
592532
8347
788083
471356
917881
611643
905978
616970
187511
818885
710658
314518
498325
283323
793499
523370
643962
73250
395595
375975
54715
197853
999880
976547
535808
225850
740557
598957
272759
222053
151820
381643
746752
939903
369352
664633
551547
791682
797956
255410
126919
24966
569928
625245
308289
879779
148615
952252
953029
544210
844579
524096
258415
360812
500643
794224
103014
757553
909533
892125
495958
61353
790121
242710
517609
159473
423695
585508
467507
221651
840918
594426
246617
927198
219671
71259
806977
368286
539863
276358
428848
384442
316806
687264
745254
333801
997840
848269
607706
907373
740394
103664
485078
530515
862726
2687
206340
286422
588195
190199
24425
945465
784626
787395
389015
4297
858654
712344
888936
398517
505054
317784
299311
338212
521400
44566
672014
35592
409187
796072
942965
665933
899737
428044
712801
278815
947083
435493
81589
51631
625693
106015
997096
410319
409762
902464
930968
784768
614808
336256
183285
636215
170393
998948
974427
691793
43514
162793
727386
969053
958866
186703
634987
374955
614747
864140
653770
78183
299633
251712
129814
925326
357727
643262
851997
767489
545726
299318
552257
676887
635574
251894
313102
805967
250842
287529
497761
810709
966675
741499
296114
925541
928202
931101
816848
59302
795241
470618
137485
611227
238682
267299
536553
596409
426913
904903
880250
972640
204221
948859
165879
839795
717105
478981
645763
484300
282862
659876
811361
249537
401375
107475
691430
845929
554929
508278
421583
350170
495249
559068
477749
733931
342719
14303
846693
769633
919206
243295
258625
639779
192155
424504
479574
425612
419837
641689
426264
702699
301565
237625
468589
219292
345101
160019
581574
900030
184650
3157
766552
679899
78578
244302
930182
937649
774957
776875
707282
210515
20171
482259
850294
728678
906763
846220
670642
326600
487910
96907
545652
789475
334532
530593
525120
195985
690612
106694
96015
391614
109851
378920
71513
704781
139574
518048
642431
914531
294923
866065
641398
831446
348325
491692
76476
771440
854264
263471
614393
342174
360378
160045
648002
211262
690638
173122
407248
897602
279816
19615
289217
906019
914887
877082
610801
54461
395130
769584
485344
206406
635649
126742
554204
983974
134786
147033
755415
989051
410504
369808
331225
287234
46205
979227
498496
253195
668701
422096
150797
464869
441712
956366
370889
356599
349801
498042
927413
261283
783978
412757
984041
419627
55852
538246
403602
190638
201631
675369
696041
612135
561529
543619
415721
607734
39198
914217
860929
707900
336314
528078
172769
294378
484445
60010
167329
834246
74404
94742
95529
858382
23852
79571
278010
79704
134169
197964
786694
335800
873333
482736
464287
434862
542707
880008
558948
581905
310577
419877
289805
163243
947955
978927
457621
948752
555289
624951
782998
629694
236045
394880
4428
259897
990803
798790
339601
124972
996754
642648
977124
386439
641736
957763
337653
184443
354123
896601
766348
181052
316478
572506
344296
780786
67785
801917
729538
623074
943220
28889
769120
179266
940121
773549
439163
930924
572339
295117
572248
85446
454117
65724
988237
95853
539839
325891
280296
893962
222492
46644
591366
55323
135502
935662
352461
203287
253932
81999
826362
197152
627240
595482
892770
567361
885383
331934
498285
974075
143403
586885
59521
597520
652609
564110
693373
192448
890001
490021
602762
112494
536665
194129
684169
188520
646143
36630
391807
900075
634981
218169
613580
262222
330004
506350
829583
731739
354636
844221
705814
14391
431106
281687
611911
600068
845798
821636
308868
735799
311657
911631
364645
364675
622112
565166
69547
784607
601796
461354
