100
1664
6171
23135
52514
69329
83960
92086
102293
108068
118515
141897
157005
166835
175457
193113
194765
195905
202475
285399
310203
326584
348627
350291
359691
371019
377844
390087
390536
401424
402348
402805
415105
416994
419696
429584
437153
451642
468098
477444
479150
487307
493510
502041
511724
514492
519697
521009
538090
539754
546854
580267
583997
587059
603989
616330
633934
643250
643440
644312
647547
656418
658895
674340
684219
687223
703887
709891
724739
731274
739737
743361
747103
758711
773744
774689
777167
785337
786144
789831
798359
802577
809181
809203
809892
843821
867444
868561
876545
890045
909530
912155
920060
922433
926534
932296
935955
950063
952066
954616
983271
