10000
54
143
289
365
609
916
920
981
1224
1302
1494
1582
1587
1686
1876
1921
2015
2039
2241
2407
2479
2570
2789
3013
3116
3133
3252
3383
3394
3756
4193
4324
4386
4398
4426
4426
4641
4733
4860
5033
5207
5487
5488
5515
5667
5695
5850
5926
5992
6287
6390
6419
6442
6528
6578
6599
6677
6689
6733
7118
7122
7152
7194
7223
7258
7311
7328
7704
7904
7912
8108
8246
8260
8308
8308
8463
8628
8734
8757
8852
8904
8938
9012
9213
9687
10077
10099
10335
10365
10513
10538
10587
10627
10628
10645
10690
10834
10850
10885
11011
11032
11070
11125
11219
11293
11438
11502
11880
12052
12302
12527
12549
12562
12619
12695
12718
12798
12823
12873
12926
12950
13189
13228
13306
13337
13425
13557
13602
13612
13646
13887
13918
13927
14241
14442
15013
15247
15307
15354
15355
15475
15522
15556
15604
15719
15976
16034
16279
16283
16306
16313
16560
16627
16678
16779
16794
16841
16883
17075
17106
17557
17790
17867
18026
18045
18135
18265
18291
18688
18815
18905
18937
19037
19263
19409
19506
19573
19601
19769
19963
20011
20101
20117
20137
20217
20300
20446
20465
20696
20838
20922
20939
21004
21163
21196
21417
21599
21774
21787
21829
21854
21884
21987
22022
22170
22322
22353
22516
22548
22582
22604
22751
22812
22913
22991
23040
23341
23371
23407
23486
23658
23677
23840
23908
23986
23986
24002
24045
24063
24246
24337
24364
24546
24576
24680
24864
24977
25067
25244
25498
25503
25863
25865
26094
26108
26171
26229
26386
26461
26580
26721
26810
26857
26885
26887
26963
27018
27022
27039
27104
27131
27165
27187
27356
27493
27693
27700
27702
27713
27814
27876
28364
28387
28433
28503
28509
28662
28678
28710
28788
29118
29183
29402
29674
29788
29824
29955
29999
30012
30113
30195
30493
30550
30570
30617
30712
30740
30842
30877
30889
31288
31297
31427
31439
31455
31532
31599
31828
32125
32126
32129
32130
32433
32441
32514
32560
32608
32880
32904
32913
32967
33130
33185
33384
33749
33754
33764
33803
33805
33985
34176
34267
34538
34548
34677
34702
35011
35023
35191
35312
35330
35331
35450
35503
35823
35995
36015
36178
36237
36255
36461
36605
36627
36721
36897
36987
37001
37024
37131
37176
37235
37338
37416
37494
37672
37702
37758
37874
37975
38174
38295
38568
38648
38960
38993
39300
39367
39537
39629
39641
39706
39827
39985
40070
40094
40130
40242
40467
40564
40581
40606
40663
40712
40842
40952
40985
41099
41116
41153
41209
41230
41319
41457
41522
41540
41670
41890
42022
42040
42273
42470
42582
42602
42682
42721
42812
42839
42883
42953
42973
42990
42997
43014
43026
43193
43209
43392
43454
43485
43630
43682
43724
43753
43902
43978
44081
44128
44186
44191
44319
44558
44665
44666
44691
44774
44838
44856
44930
45030
45224
45239
45283
45306
45337
45447
45562
45586
45765
45930
46211
46527
46748
46819
46977
47019
47099
47129
47159
47222
47400
47410
47435
47515
47774
47853
47984
47999
48309
48384
48394
48406
48527
48595
48638
48713
48804
48807
48939
49248
49444
49481
49692
49692
49731
49818
50002
50126
50297
50873
51060
51151
51429
51468
51476
51576
51579
51786
51902
52015
52074
52135
52140
52147
52255
52275
52305
52320
52493
52507
52706
52881
52891
53010
53061
53196
53302
53322
53694
53822
53845
54092
54113
54275
54514
54584
54949
54950
55000
55030
55070
55285
55404
55433
55818
55944
55998
56176
56189
56209
56209
56222
56233
56277
56300
56310
56386
56592
56855
56911
57107
57124
57212
57370
57483
57630
57710
57722
57829
57971
58311
58472
58746
58769
58872
58975
59055
59302
59492
59506
59603
59603
59626
59723
59801
59918
59962
60208
60320
60413
60488
60597
60839
61164
61384
61569
61612
61816
62035
62150
62732
62798
62833
62946
62994
63046
63214
63229
63247
63359
63473
63739
63759
63792
63903
63924
63964
63967
63972
63996
64203
64431
64438
64500
64538
64575
64921
65121
65147
65228
65445
65509
65777
65832
65855
65860
65880
66046
66200
66257
66340
66423
66489
66491
66611
66714
66805
66956
66975
67038
67132
67275
67547
67651
67699
67757
67850
67897
67982
68462
68467
68604
68613
68749
68777
68857
69043
69072
69108
69194
69254
69564
69590
69668
69672
69725
69767
69811
69873
70220
70255
70290
70388
70539
70569
70701
70743
70889
70899
71083
71386
71390
71397
71474
71627
71643
71689
71822
71949
72030
72053
72117
72177
72298
72327
72344
72417
72434
72534
72748
72750
72895
72962
72971
73015
73036
73119
73171
73206
73268
73276
73277
73463
73552
73719
73875
73946
73963
74123
74190
74196
74201
74254
74426
74534
74603
74772
74872
75019
75203
75205
75479
75535
75712
75733
75807
75827
75958
76093
76233
76339
76345
76371
76514
76587
76650
76787
76800
76806
76811
76842
77033
77058
77141
77331
77396
77435
77589
77682
77733
77803
77819
77826
77875
77887
78093
78123
78182
78247
78341
78377
78489
78506
78549
78662
78806
78866
78887
78954
79076
79089
79213
79275
79458
79537
79687
79738
79880
79924
79991
80145
80161
80164
80218
80245
80464
80604
80629
80775
80833
80991
81216
81262
81264
81277
81413
81455
81544
81721
81890
82102
82109
82143
82407
82443
82472
82525
83016
83070
83217
83266
83342
83390
83542
83584
83589
83674
83701
83793
83821
83837
83900
84215
84236
84249
84386
84553
84630
84685
84975
85011
85106
85127
85142
85226
85408
85566
85567
85664
85794
85865
85876
86213
86399
86512
86667
87389
87596
87713
87755
87877
88137
88175
88180
88243
88522
88541
88600
88994
88998
89063
89102
89158
89162
89386
89499
89519
89520
89536
89549
89549
89677
89842
90029
90052
90207
90303
90401
90551
90618
90686
90778
90880
90893
91011
91050
91096
91396
91701
91717
91840
91907
92130
92205
92229
92604
92643
92715
92815
92940
93111
93287
93300
93351
93368
93393
93430
93592
93629
93720
93799
93800
93810
93841
93852
93868
93925
94015
94349
94412
94414
94426
94481
94662
94733
94813
94820
94957
94970
94979
94995
95114
95276
95315
95337
95344
95684
95807
95834
96060
96071
96317
96408
96431
96494
96626
96645
96717
96828
97010
97051
97171
97673
97694
97733
97779
97832
97833
98145
98215
98310
98328
98467
98525
98773
98782
98832
98868
99006
99015
99041
99048
99124
99182
99320
99380
99408
99458
99555
99712
99873
99902
100038
100104
100167
100189
100319
100374
100472
100639
100712
100741
100755
100895
100947
101213
101262
101492
101533
101571
101758
101788
101877
101954
102115
102183
102227
102252
102259
102451
102481
102527
102728
102746
102925
102956
102989
103085
103094
103131
103139
103175
103203
103222
103250
103275
103578
103734
103889
104029
104115
104210
104286
104332
104575
104619
104620
104718
104892
105014
105254
105462
105568
105887
106058
106147
106231
106299
106302
106310
106327
106345
106444
106580
106945
106949
106965
107011
107019
107050
107229
107248
107377
107417
107449
107715
107874
108024
108129
108379
108391
108600
108669
108728
108790
108927
108930
109146
109206
109213
109260
109449
109511
109556
109745
109831
109911
109991
110219
110358
110404
110465
110619
110716
110734
110744
110837
110901
110940
110991
111007
111170
111174
111358
111363
111411
111446
111792
111970
111994
112012
112046
112051
112082
112088
112147
112153
112182
112197
112245
112341
112395
112670
112698
112754
112800
112806
112823
113052
113106
113301
113472
113532
113564
113592
113615
113642
113677
113947
114154
114158
114175
114425
114742
114932
114986
115068
115203
115213
115356
115515
115675
115729
115829
115940
116149
116213
116306
116387
116543
116570
116583
116583
116652
116670
116707
116731
116897
116941
117031
117061
117231
117260
117443
117505
117529
117901
117939
118113
118159
118188
118225
118314
118379
118389
118491
118560
118722
118744
118796
118815
119001
119122
119218
119685
119697
119723
119747
119768
119840
119890
119911
119966
120058
120115
120156
120164
120203
120247
120411
120430
120767
121029
121046
121133
121135
121573
121593
121634
121755
121761
122055
122064
122183
122648
122694
122810
122965
123228
123261
123276
123327
123386
123495
123551
123621
123823
123849
123866
123901
123926
124013
124158
124192
124211
124268
124362
124447
124448
125086
125133
125221
125493
125629
125686
125750
125783
126156
126195
126571
126718
126817
126978
127078
127270
127353
127386
127688
127691
127708
127819
127856
127876
127907
127985
128037
128119
128176
128221
128411
128574
128812
128817
128869
128944
129030
129084
129189
129205
129297
129342
129349
129361
129462
129639
129845
129848
129946
130001
130100
130363
130926
130944
131181
131204
131502
131821
132143
132173
132320
132415
132433
132454
132575
132622
132640
132797
132839
132955
133054
133099
133197
133201
133320
133334
133625
133707
133741
133751
133867
134163
134323
134494
134497
134582
134734
134796
134808
134822
134826
135271
135359
135403
135414
135476
135575
135815
136058
136302
136313
136404
136704
136706
136727
136744
136834
137064
137244
137315
137347
137361
137631
137827
138162
138512
138557
138569
138570
138601
138796
138864
138917
138948
139060
139095
139191
139287
139397
139515
139518
139544
139607
139956
140022
140049
140167
140199
140225
140295
140489
140716
140744
140818
140977
141040
141215
141390
141446
141473
141734
141752
141792
141870
142278
142560
142601
142606
142606
142607
142749
142780
142843
142888
143109
143228
143234
143403
143450
143484
143551
143667
143844
143904
144127
144227
144418
144445
144466
144539
144553
144611
144794
144827
145030
145053
145098
145161
145254
145494
145695
145748
145837
145943
145966
145973
146148
146213
146360
146449
146898
146948
147039
147219
147563
147566
147607
148027
148098
148118
148342
148420
148552
148657
148835
148921
148948
149152
149177
149200
149329
149402
149447
149593
149626
149701
149715
149757
149785
149823
149849
149952
150068
150151
150307
150313
150360
150414
150454
150545
150852
151155
151227
151241
151290
151435
151525
151675
151814
151822
151888
151999
152101
152107
152265
152306
152551
152716
152749
152836
152950
152972
153116
153315
153407
153489
153500
153534
153769
153809
153953
153990
154040
154066
154279
154368
154492
154549
154631
154763
154821
155014
155030
155047
155077
155109
155344
155523
155732
155805
155953
156039
156320
156385
156419
156489
156527
156684
156704
156797
156888
157033
157035
157797
157871
157877
158036
158095
158242
158404
158626
158688
158817
158957
158970
159079
159180
159209
159361
159496
159557
159919
159968
160072
160073
160123
160128
160166
160238
160240
160301
160311
160340
160370
160419
160461
160732
160853
160864
160900
160917
161323
161458
161510
161717
161724
161766
161826
161987
162087
162166
162329
162360
162379
162484
162543
162550
162585
162599
162785
162880
162882
162907
163019
163279
163500
163520
163541
163558
163560
163874
164093
164113
164304
164687
164868
164941
165016
165043
165111
165244
165291
165337
165349
165471
165493
166038
166139
166171
166226
166226
166366
166389
166409
166458
166845
166921
166991
166994
167317
167482
167521
167549
167604
167744
167773
167783
167794
167859
168116
168168
168186
168212
168232
168290
168331
168402
168412
168464
168573
168702
168833
168881
168958
169045
169213
169310
169318
169491
169550
169715
169812
169937
169986
170065
170151
170547
170590
170731
170739
171016
171019
171140
171162
171210
171231
171653
171665
171804
171865
172109
172130
172219
172246
172247
172307
172425
172487
172598
172857
173016
173020
173049
173544
173574
173582
173599
173649
173673
173820
173837
173906
173926
173949
174163
174185
174188
174234
174424
174459
174587
174593
174644
174750
174843
174875
174955
174989
175005
175146
175261
175389
175389
175495
175513
175535
175565
175720
175770
175931
175937
176027
176270
176426
176434
176604
176757
176782
177186
177281
177339
177371
177383
177393
177466
177481
177482
177573
177746
177746
177841
177865
178027
178054
178065
178093
178220
178286
178572
178876
179104
179143
179276
179282
179452
179483
179591
179661
179759
179823
180054
180071
180089
180127
180236
180486
180491
180591
180840
180858
180904
180933
181009
181235
181237
181405
181437
181721
181778
181783
181794
181898
182040
182044
182125
182168
182190
182359
182721
182768
183058
183145
183148
183327
183376
183378
183402
183547
183549
183734
183740
183830
183838
183880
183922
183939
183956
183968
184029
184252
184417
184517
184524
185043
185065
185096
185237
185332
185424
185526
185613
185622
185757
185788
185835
185963
186034
186182
186194
186197
186358
186404
186423
186503
186564
186592
186622
186682
186731
186886
186915
187056
187106
187303
187324
187361
187384
187450
187485
187516
187535
187692
187920
188055
188397
188564
188666
188751
188850
188903
188981
189009
189021
189078
189260
189290
189299
189366
189541
189671
189758
189898
189906
190164
190169
190524
190618
190647
190902
190946
190962
190987
191186
191284
191324
191436
191617
191675
191749
191873
191910
192493
192559
192738
192805
192840
192968
193058
193102
193134
193173
193404
193553
193805
193944
193992
194390
194636
194806
194884
195056
195094
195101
195683
195816
195818
195924
195944
196057
196087
196126
196152
196172
196194
196299
196387
196460
196618
196641
196724
196888
196979
197091
197244
197255
197296
197603
197719
197862
198053
198099
198355
198489
198509
198652
198783
198810
198819
198858
198866
198935
199231
199232
199334
199397
199528
199591
199614
199656
199789
199800
199833
199958
199962
200216
200233
200273
200332
200339
200465
200519
200550
200615
200638
200807
200830
200985
201112
201282
201421
201495
201673
201877
201890
202019
202069
202099
202147
202251
202303
202747
202797
202838
202883
202883
202937
203016
203118
203150
203553
203777
204039
204210
204257
204473
204632
204802
204931
205008
205121
205151
205159
205332
205460
205547
205603
205631
205707
205714
205776
205808
205854
205898
205984
206107
206227
206317
206352
206508
206541
206713
206934
207018
207027
207071
207177
207306
207313
207366
207651
207746
207844
208012
208063
208217
208225
208385
208437
208439
208658
208784
208796
208856
208858
208958
208978
209008
209070
209146
209304
209335
209554
209579
209814
209892
210039
210194
210213
210412
210519
210637
210677
210682
210821
210822
210918
211134
211348
211440
211556
211580
211602
211769
211774
211853
212130
212133
212232
212490
212575
212677
212714
212741
212741
212884
213005
213052
213270
213472
213666
213675
213749
213779
214094
214233
214246
214327
214454
214503
214627
214799
214918
215158
215309
215471
215501
215819
215831
215855
215856
215918
216299
216511
216586
216634
216672
216720
216761
216783
216898
216982
217020
217110
217166
217409
217462
217473
217581
217635
217914
217995
218212
218319
218405
218483
218544
218746
218752
218807
218839
218849
218997
219135
219203
219380
219562
219581
219758
219810
219914
220035
220037
220073
220192
220309
220417
220418
220448
220599
220640
220755
220793
221172
221193
221402
221451
221525
221675
221689
221711
221779
221924
221957
222014
222069
222117
222141
222272
222280
222341
222557
222579
222758
222796
222866
222871
223105
223283
223284
223314
223366
223727
223905
223967
223975
224013
224128
224232
224434
224515
224519
224619
224620
224859
225007
225016
225116
225172
225216
225237
225252
225266
225287
225296
225324
225347
225434
225451
225493
225682
225723
225780
225792
225815
225816
225902
226052
226190
226202
226433
226571
226643
226738
226801
226824
227047
227101
227106
227302
227302
227389
227421
227462
227504
227566
227685
228031
228031
228164
228186
228192
228279
228379
228451
228454
228458
228482
228696
228830
228875
228938
229057
229137
229411
229503
229564
229568
229666
229682
229689
229876
229930
230005
230064
230145
230206
230496
230518
230567
230836
230881
230921
230985
231079
231139
231190
231304
231656
231709
231710
231780
231887
232152
232466
232721
232735
232871
232952
232986
232998
233263
233303
233484
233896
233951
234140
234421
234471
234519
234591
234688
234944
235026
235078
235179
235207
235239
235365
235414
235423
235504
235601
235781
235921
235990
236083
236403
236419
236449
236495
236499
236522
236714
236921
236953
236968
237000
237252
237267
237282
237346
237373
237465
237511
237572
237572
237633
237807
237826
237850
237901
237922
238099
238140
238163
238203
238209
238237
238680
238894
238923
239053
239200
239203
239228
239253
239493
239732
239934
239941
239943
239949
240105
240179
240243
240527
241143
241257
241267
241282
241308
241456
241586
241838
241869
241914
241946
241952
242012
242083
242083
242132
242196
242424
242518
242777
242803
242864
242916
242964
242968
243006
243101
243202
243362
243578
243609
243666
243671
243804
243823
244113
244218
244301
244448
244501
244511
244566
244644
244711
244776
244803
245016
245027
245144
245169
245329
245455
245531
245652
245686
245693
245716
245920
246303
246355
246475
246826
247312
247475
247579
247593
247671
248069
248120
248126
248177
248180
248359
248431
248478
248545
248610
248674
248773
248826
248871
248971
249065
249149
249175
249180
249188
249371
249372
249379
249516
249550
249593
249595
249970
250151
250183
250210
250224
250408
250410
250582
250589
250784
250887
250970
250992
251207
251362
251490
251513
251523
251540
251565
251587
251634
251729
251859
251992
252008
252239
252282
252423
252464
252469
252556
252564
252575
252655
252706
252984
253003
253182
253212
253264
253298
253299
253398
253592
253617
253638
253776
253794
253798
253916
253994
254007
254014
254050
254063
254088
254115
254211
254460
254569
254694
254896
254932
255240
255438
255448
255503
255551
255673
255794
255821
255832
255837
255872
256020
256065
256302
256535
256693
256806
257064
257102
257173
257256
257600
257932
258020
258083
258105
258127
258128
258188
258287
258313
258393
258537
258589
258687
258740
258797
258845
258875
258905
258988
259051
259234
259324
259350
259384
259414
259592
259692
259978
259980
259996
260046
260145
260391
260412
260432
260594
260616
260813
261015
261204
261218
261264
261456
261498
261585
261587
261592
261684
261857
261866
261875
262100
262236
262308
262428
262506
262749
262849
262873
262876
263006
263178
263258
263382
263398
263475
263504
263524
263528
263595
263676
263764
263799
263963
264007
264081
264141
264159
264235
264293
264299
264693
264719
264733
264788
264903
265091
265103
265105
265207
265430
265458
265535
265654
265724
265776
265822
265838
265867
265950
266006
266211
266243
266272
266323
266398
266452
266454
266585
266617
266641
266975
267079
267082
267180
267305
267427
267715
267963
267971
267973
268111
268203
268247
268384
268475
268496
268599
268706
268739
269038
269109
269124
269191
269389
269489
269592
269886
269952
270049
270108
270323
270511
270511
270545
270653
270789
270805
270844
270859
271216
271248
271324
271415
271582
271656
271684
271742
271787
271912
271917
271918
271925
271951
272033
272057
272097
272171
272330
272347
272521
272558
272590
272710
272747
272903
272956
273026
273072
273330
273640
273720
273903
273915
274175
274252
274288
274310
274357
274431
274519
274679
274754
274776
274804
275055
275067
275109
275123
275147
275188
275200
275206
275592
275616
275696
276083
276159
276283
276405
276448
276901
276927
277141
277155
277380
277467
277559
277578
277592
277756
277908
278147
278390
278800
278817
279131
279205
279413
279552
279657
279850
279879
279905
279951
280240
280273
280340
280453
280454
280460
280509
280598
280700
280818
280824
280840
281008
281041
281044
281050
281111
281137
281212
281261
281342
281412
281423
281580
281637
281734
281863
281893
281923
281925
281959
281989
282028
282104
282149
282568
282703
282746
282847
282853
282870
282900
282949
283231
283362
283404
283409
283748
283846
284137
284157
284218
284411
284875
285137
285156
285177
285342
285379
285478
285482
285509
285524
285532
285894
285949
286048
286194
286427
286457
286519
286869
286875
286897
287342
287481
287490
287492
287566
287756
287879
288171
288195
288239
288246
288488
288551
288555
288629
288710
288726
288823
288974
289136
289265
289285
289326
289460
289465
289592
289813
289975
290065
290311
290329
290416
290620
290733
290857
290917
291000
291007
291046
291263
291295
291441
292071
292120
292215
292282
292366
292418
292489
292670
292848
292911
292912
292956
292978
292984
293021
293070
293243
293713
293728
293877
293893
293961
294025
294234
294238
294381
294419
294677
294701
294745
294758
294982
294990
295291
295379
295386
295743
295754
296433
296528
296586
296609
296741
296795
296936
297067
297070
297141
297168
297202
297237
297323
297368
297582
297716
297776
297884
297961
298095
298127
298416
298438
298757
298858
298940
298941
299009
299217
299293
299399
299407
299426
299566
299637
299684
299709
299733
299916
300040
300146
300193
300219
300301
300402
300414
300526
300628
300678
300709
300751
300801
300805
300828
300932
300971
301274
301491
301794
301804
301815
301906
302140
302163
302411
302454
302622
302656
302800
302971
302986
303038
303070
303216
303344
303552
303665
303706
303707
303713
303720
303876
304046
304075
304500
304519
304522
304665
304794
305152
305159
305190
305243
305324
305474
305492
305663
305675
305708
305869
306027
306160
306163
306240
306270
306424
306475
306514
306613
306662
306856
306909
306949
306951
307147
307186
307335
307411
307441
307454
307496
307562
307567
307570
307583
307721
307734
307972
308113
308182
308271
308356
308452
308495
308658
308660
308830
308941
308994
309305
309388
309453
309572
309751
309839
309952
309998
310242
310321
310408
310442
310461
310468
310668
310749
310751
311068
311450
311461
311473
311504
311517
311718
311720
311891
311962
312047
312333
312349
312399
312448
312524
312527
312619
312710
312732
312761
312837
312907
312912
313072
313141
313350
313370
313396
313431
313473
313561
313647
313759
313783
313810
313890
313899
313941
314202
314298
314521
314570
314583
314619
314638
314699
314855
314938
315007
315281
315304
315368
315854
316187
316211
316240
316412
316455
316459
316549
316576
316715
316750
317029
317240
317243
317288
317378
317419
317651
317654
317746
317845
317943
317958
318019
318219
318315
318327
318451
319041
319250
319319
319416
319453
319512
319903
319912
319998
320033
320196
320267
320433
320592
320607
320636
320802
320817
320878
320939
321004
321005
321011
321178
321382
321476
322333
322364
322376
322471
322869
323007
323025
323056
323069
323102
323181
323197
323240
323410
323425
323567
323927
323942
324043
324139
324150
324212
324607
324826
324842
324969
325025
325187
325251
325378
325445
325759
325868
326286
326346
326446
326458
326519
326549
326588
326613
326736
326840
326931
326999
327006
327088
327104
327226
327312
327436
327502
327504
327635
327772
327851
327989
328100
328129
328132
328416
328508
328548
328582
328671
328736
328759
328863
328948
329032
329042
329087
329096
329471
329669
329871
329876
329918
329974
329981
330089
330096
330188
330239
330377
330481
330755
330998
331067
331159
331177
331329
331427
331673
331753
331774
331826
331949
331962
332040
332048
332243
332246
332296
332379
332482
332519
332550
332747
332810
332835
332877
332905
332959
333124
333227
333501
333834
333977
334065
334124
334253
334275
334392
334467
334576
334640
334744
334756
334793
334821
334903
335113
335114
335242
335410
335488
335518
335543
335652
335675
335902
335955
336034
336040
336079
336098
336222
336235
336254
336288
336401
336452
336693
336759
336895
336973
337027
337201
337218
337262
337860
337919
338047
338088
338143
338185
338320
338403
338440
338573
338879
338962
339089
339348
339370
339575
339693
339699
339757
339853
340021
340052
340157
340427
340564
340613
340628
340847
340975
341033
341176
341479
341567
341730
342000
342130
342216
342223
342252
342276
342307
342317
342696
342805
342934
342939
343074
343094
343218
343249
343340
343405
343506
344032
344318
344427
344497
344618
344746
344849
344897
344973
345306
345318
345529
345570
345660
345784
346026
346279
346296
346440
346464
346479
346556
346559
346709
346777
346830
346869
346908
346999
347117
347227
347482
347501
347713
347863
347950
348020
348226
348461
348513
348594
348899
348902
348907
348937
349194
349329
349348
349499
349592
349601
349620
349852
350024
350086
350197
350427
350454
350517
350598
350681
350713
351168
351226
351355
351485
351574
351592
351663
351717
351828
351829
351867
351966
352033
352204
352366
352374
352992
353460
353468
353491
353882
353923
354107
354119
354120
354121
354122
354142
354183
354227
354358
354727
354783
355151
355250
355282
355305
355367
355374
355395
355397
355540
355570
355631
355730
355736
355760
355782
355951
356026
356171
356262
356318
356329
356628
356673
356698
356724
356862
356897
356962
356978
357286
357465
357508
357513
357642
357705
357874
358060
358253
358355
358439
358443
358722
358738
358860
358968
359029
359172
359513
359532
359573
359770
359963
359966
360124
360439
360512
360546
360578
360746
360771
360888
360996
361057
361525
361723
361897
362053
362246
362253
362279
362462
362563
362576
362835
362858
362935
363002
363359
363442
363503
363801
363857
363859
363911
363916
363963
364217
364270
364292
364427
364479
364535
364570
364614
364642
364650
364809
364913
364968
365021
365279
365386
365387
365442
365451
365733
365851
365867
366111
366112
366475
366588
366648
366656
366677
366761
366888
367252
367266
367432
367508
367647
367699
367998
368108
368182
368252
368286
368647
368966
369015
369197
369488
369507
369824
369952
369994
370128
370501
370664
370873
370964
370983
370998
371075
371172
371242
371293
371433
371474
371507
371959
371976
372141
372265
372308
372344
372981
372989
373016
373216
373236
373539
373699
373911
373989
374241
374281
374435
374668
375072
375150
375189
375259
375355
375382
375429
375568
375631
375786
375795
375921
375947
376068
376259
376296
376366
376383
376452
376651
376974
377046
377218
377254
377642
377987
378082
378378
378467
378505
378511
378531
378621
378697
378864
378913
378967
378997
379011
379054
379208
379513
379663
379670
379704
379978
380396
380544
380640
380775
380948
381051
381127
381378
381392
381534
381589
381623
381628
381651
381679
381693
381746
381950
381961
382120
382158
382272
382284
382460
382891
383174
383253
383259
383283
383338
383365
383419
383478
383578
383596
383700
383852
383933
383973
384029
384132
384322
384389
384413
384525
384622
384735
384922
384987
385041
385141
385144
385152
385212
385230
385262
385266
385320
385435
385562
385573
385626
385649
385697
385770
385844
385936
386008
386259
386323
386362
386395
386407
386506
386787
386900
386917
386982
387073
387102
387203
387386
387503
387527
387573
387830
387862
387864
387913
388170
388368
388568
388594
388698
388830
388898
388910
389007
389023
389238
389308
389323
389355
389381
389523
389540
389681
389882
389982
390023
390096
390220
390265
390324
390440
390580
390700
390827
390918
391128
391214
391426
391485
391696
391823
391841
391891
391934
391951
391958
391964
391998
392043
392062
392183
392252
392269
392417
392701
392859
392976
393011
393330
393446
393595
393611
393639
393670
393678
393872
393917
394082
394410
394459
394493
394559
394639
394682
394689
394811
394958
395060
395086
395088
395195
395434
395677
395865
395894
396243
396336
396385
396389
396470
396506
396649
396650
396658
396678
396770
396868
396891
396923
396931
396994
397187
397417
397427
397436
397473
397572
397679
397779
397959
398063
398163
398316
398530
398650
398670
398705
398771
398781
398880
399040
399232
399371
399752
399803
399905
399943
400065
400575
400708
400849
400906
400932
401047
401063
401097
401110
401128
401137
401307
401465
401527
401685
401879
402052
402074
402087
402190
402446
402547
402596
402658
402685
402901
402952
402970
403019
403047
403072
403086
403201
403218
403236
403239
403366
403393
403591
403831
403871
404022
404058
404060
404071
404140
404159
404376
404634
404643
404677
404749
405003
405271
405363
405456
405456
405791
405807
405823
405879
405900
405972
406003
406174
406202
406265
406283
406316
406378
406480
406502
406615
406618
406634
406662
406812
406864
407120
407404
407541
407931
407967
408093
408121
408168
408179
408187
408196
408217
408294
408303
408306
408488
408544
408774
408871
409094
409233
409263
409302
409329
409400
409448
409630
409663
409800
409850
409920
409925
410008
410140
410155
410460
410538
410656
410674
410846
411049
411069
411092
411262
411616
411921
412343
412531
412699
412915
412928
413110
413285
413327
413462
413561
413626
414038
414206
414235
414245
414294
414659
414701
414932
414940
415024
415124
415309
415438
415450
415464
415474
415491
415567
415703
415709
415784
415905
416023
416059
416099
416154
416298
416304
416415
416446
416462
416464
416466
416559
416665
416878
417077
417135
417194
417200
417236
417438
417462
417519
417574
417726
417838
417838
417947
418379
418386
418475
418499
418501
418988
419128
419236
419540
419576
419624
419656
419840
419929
419989
420039
420177
420433
420569
420653
420858
420946
420955
420993
421053
421117
421272
421348
421354
421534
421572
421598
421663
421708
421835
421943
422166
422524
422553
422557
422724
422852
422907
423040
423096
423107
423334
423433
423753
423870
424018
424124
424149
424193
424272
424345
424363
424481
424535
424747
425057
425065
425092
425407
425429
425544
425643
425985
426323
426345
426424
426664
426791
426952
427062
427092
427145
427148
427335
427493
427511
427528
427761
427895
427908
427928
428117
428600
428942
428958
429047
429176
429189
429202
429205
429428
429455
429462
429538
429793
429861
429907
429969
430047
430095
430143
430281
430480
430697
430829
430923
431014
431107
431165
431310
431362
431372
431765
431994
432037
432165
432303
432622
432774
432787
432804
432968
432984
433033
433056
433170
433197
433401
433550
433601
433652
433673
433764
433780
433787
433797
434039
434196
434198
434427
434444
434517
434677
434725
434727
434750
434780
434860
434931
434954
435290
435334
435338
435547
435715
436348
436374
436725
436916
436960
436961
437036
437188
437206
437320
437364
437476
437765
437887
438018
438175
438206
438424
438597
438671
438702
438823
438904
438977
438987
439388
439440
439451
439571
439582
439618
439754
439821
439974
440175
440448
440631
440720
440882
440929
440954
441019
441184
441188
441204
441306
441323
441503
441513
441540
441548
441590
441651
441885
441947
442260
442364
442419
442574
442794
442800
443000
443091
443133
443256
443293
443323
443382
443409
443412
443448
443537
443682
443854
443951
444098
444316
444536
444897
444941
444960
445064
445078
445151
445324
445496
445518
445559
445982
446021
446144
446186
446330
446669
446865
447036
447055
447110
447445
447648
447863
448237
448260
448805
448814
448828
449043
449073
449128
449172
449195
449204
449278
449287
449764
450148
450167
450187
450368
450416
450436
450448
450492
450565
450644
450651
450744
450816
451207
451239
451349
451362
451446
451600
451694
451773
452015
452168
452174
452181
452182
452240
452364
452622
452624
452722
452792
452973
453095
453154
453206
453324
453329
453445
453489
453583
453595
453658
453769
453989
454339
454448
454554
454794
454809
454855
454872
454886
455036
455069
455107
455443
455538
455602
455648
455724
455772
455832
456154
456209
456288
456360
456448
456557
456716
456771
456829
456833
457371
457466
457471
457529
457641
457848
458225
458249
458289
458503
458508
458608
458688
458708
458722
458745
458920
458929
459107
459161
459172
459187
459344
459504
459526
459532
459657
460066
460136
460157
460269
460290
460315
460443
460459
460474
460623
460787
460866
460946
461141
461394
461517
461559
461668
461869
461888
461915
461959
462015
462087
462260
462274
462340
462518
462526
462538
462550
462600
462722
462760
463099
463148
463178
463365
463487
463502
463522
463659
463750
463861
463891
463893
463918
464121
464384
464510
464535
464639
464761
464888
465062
465194
465590
465629
465893
465968
466010
466082
466148
466171
466237
466572
466610
466721
466740
466763
466974
467043
467212
467326
467330
467414
467462
467487
467771
467828
467967
468014
468077
468189
468251
468277
468403
468414
468491
468676
468721
468843
468854
468877
469039
469130
469300
469408
469497
469694
469699
469897
469956
470080
470225
470435
470450
470494
470510
470757
470775
470839
470883
471095
471242
471767
471942
472077
472433
472599
472743
472874
472881
472927
473101
473102
473102
473176
473184
473342
473372
473489
473490
473529
473632
473748
473808
473845
473858
473862
473958
473969
474057
474099
474446
474531
474560
474595
474732
474785
474834
474900
474903
474986
475074
475117
475234
475293
475480
475532
475625
475687
475750
475895
475911
476031
476056
476083
476161
476194
476205
476321
476643
476741
476778
476852
476889
476972
477037
477193
477257
477388
477536
477596
477602
477845
477846
477930
477931
478053
478066
478107
478124
478128
478181
478470
478575
478647
478666
478685
478728
478761
478834
478904
479189
479235
479243
479385
479427
479558
479745
479828
479937
480015
480053
480266
480316
480475
480532
480621
480669
480720
480960
481050
481056
481356
481469
481500
481513
481690
482007
482158
482228
482271
482414
482492
482670
482693
482804
482901
482922
483008
483077
483164
483487
483591
483620
483740
483765
483826
483922
483924
483946
484005
484025
484037
484127
484151
484492
484538
484578
484800
484939
484958
485028
485117
485196
485258
485417
485439
485444
485470
485532
485541
485756
485771
485930
486113
486145
486224
486307
486468
486509
486935
486979
487120
487122
487138
487257
487399
487428
487446
487458
487555
487627
487674
487736
487748
487839
487851
487870
487960
488527
488722
488918
489194
489377
489412
489487
489665
489849
490038
490209
490230
490482
490492
490506
490545
490558
490783
490861
490883
491195
491283
491395
491578
491683
491689
491711
491793
491956
491961
492190
492215
492431
492512
492797
492910
492933
493161
493248
493342
493400
493720
493806
494347
494375
494410
494496
494500
494602
494740
495054
495383
495539
495544
495635
495639
495671
495879
495994
496013
496122
496248
496280
496353
496356
496410
496556
496611
496619
496722
496725
496750
496770
496846
496878
496918
497150
497194
497529
497635
497656
497891
497914
497927
497972
498037
498064
498075
498124
498130
498249
498371
498413
498444
498527
498556
498703
498726
498893
498960
499044
499059
499066
499091
499140
499259
499268
499269
499387
499399
499426
499679
499817
499845
499918
499934
500032
500081
500113
500167
500228
500236
500252
500276
500303
500327
500395
500585
500662
500672
500817
500909
500936
500950
500984
501047
501098
501229
501238
501458
501792
501873
501883
501932
501992
502047
502070
502226
502347
502441
502698
502737
502855
502868
502934
502950
503339
503459
503659
503727
503758
503802
503868
503899
503931
503960
504050
504169
504264
504481
504595
504639
504797
504922
504927
505133
505186
505327
505400
505459
505492
505495
505632
505799
505801
505919
505982
506051
506064
506196
506216
506284
506351
506365
506502
506524
506574
506583
506606
506636
506856
507071
507099
507104
507130
507173
507207
507328
507396
507432
507674
507721
507989
508165
508224
508269
508290
508301
508347
508541
508547
508721
508722
508792
509034
509422
509484
509553
509672
509808
509818
509851
509971
510346
510434
510481
510497
510531
510590
510916
511014
511087
511156
511160
511329
511409
511423
511469
511528
511555
511555
511565
511649
511720
511743
511802
511873
512040
512066
512070
512090
512143
512299
512300
512330
512454
512706
512857
512997
513025
513119
513397
513554
513770
513811
513823
513872
513966
513987
514067
514099
514181
514387
514397
514602
514643
514756
514796
514818
514832
515003
515097
515354
515616
515760
515882
515953
516039
516281
516461
516495
516841
516841
517017
517101
517212
517320
517327
517343
517488
517723
517726
517929
517961
518039
518096
518223
518263
518412
518718
518816
518853
518925
518933
519027
519115
519292
519511
519543
519714
519823
519951
519967
520325
520361
520361
520395
520401
520476
520488
520565
520650
520729
520760
520962
520988
521015
521420
521420
521435
521464
521558
521608
521719
521832
522037
522237
522435
522522
522577
522599
522696
523001
523018
523120
523267
523284
523508
523763
523793
523833
523931
524052
524229
524406
524471
524606
524646
524767
524812
525057
525115
525119
525139
525365
525385
525537
525577
525936
525937
526023
526067
526080
526125
526161
526197
526217
526226
526231
526282
526311
526336
526347
526390
526434
526448
526626
526724
526922
527000
527175
527203
527276
527315
527356
527442
527458
527560
527694
527724
527843
527936
528098
528103
528154
528310
528348
528881
528892
528906
528912
529065
529087
529214
529264
529298
529372
529418
529460
529470
529488
529781
529838
529856
529905
529969
530187
530205
530289
530373
530672
530707
530708
530905
530911
531032
531049
531049
531134
531287
531366
531445
531470
531538
531539
531582
531792
531878
531908
532025
532111
532211
532227
532298
532533
532631
532759
532824
532933
532969
533010
533013
533027
533076
533163
533251
533348
533461
533512
533709
533730
533865
533932
534034
534037
534245
534276
534397
534477
534506
534727
534888
534891
534900
535129
535173
535246
535345
535428
535502
535511
535527
535547
535671
535701
535766
535886
536031
536375
536520
536621
536626
536630
536790
537233
537361
537390
537520
537531
537553
537572
537602
537663
537705
537769
537846
537856
537876
537912
538011
538104
538300
538552
538554
538616
538646
538671
538673
538817
538986
539013
539029
539114
539132
539159
539247
539287
539474
539477
539623
539886
540043
540127
540169
540189
540399
540608
540992
541017
541147
541200
541350
541455
541730
541787
541823
541933
541939
542050
542105
542177
542214
542250
542290
542418
542477
542525
542581
542614
542620
542662
542705
542724
542756
542758
542869
542935
542969
543003
543021
543167
543298
543447
543486
543580
543736
543746
544030
544040
544047
544055
544311
544388
544390
544415
544418
544705
544827
544911
545066
545197
545245
545397
545577
545742
545813
545850
545854
546100
546149
546177
546178
546214
546435
546455
546517
546638
546687
546707
546835
547055
547110
547200
547450
547583
547635
547766
547776
547783
547986
548089
548191
548210
548231
548270
548420
548476
548612
548958
549305
549418
549569
549647
549720
549774
549809
549818
549840
549869
549994
550040
550315
550545
550606
550750
550810
550928
550950
550954
551151
551223
551374
551471
551507
551716
551742
551752
551768
551931
552029
552149
552377
552378
552395
552508
552690
552737
552743
552850
552857
552979
552991
553153
553175
553176
553332
553395
553541
553685
553754
553755
553990
554133
554174
554195
554287
554350
554512
554573
554733
554740
555155
555170
555194
555216
555340
555560
555611
555927
555935
555986
556436
556523
556547
556755
556806
556895
556921
557027
557196
557331
557403
557535
557566
557626
557644
557721
557750
557946
557946
558081
558141
558197
558248
558271
558377
558434
558621
558627
558932
559048
559052
559428
559567
559661
559713
559719
559835
560132
560232
560401
560408
560593
560708
560764
560906
560919
561020
561146
561267
561283
561422
561451
561556
561575
561579
561886
562048
562096
562152
562231
562432
562637
562759
562917
562930
562935
562941
563018
563224
563342
563380
563580
563737
563757
563892
564025
564071
564080
564278
564579
564674
564796
564825
564944
565104
565181
565257
565405
565425
565467
565605
565619
565782
565924
565925
565991
566223
566258
566410
566473
566665
566727
566734
566773
566785
567275
567283
567328
567355
567366
567371
567377
567535
567758
567866
568248
568272
568275
568286
568536
568775
568806
568839
569078
569170
569178
569349
569448
569499
569607
569743
569818
569909
569909
570011
570032
570250
570727
570876
570898
571018
571123
571163
571525
571751
571780
571827
571881
571943
571978
572055
572055
572096
572102
572297
572405
572429
572464
572480
572511
572539
572572
572677
572851
573102
573145
573157
573379
573487
573518
573523
573524
573565
573596
573685
573721
573780
573786
573789
573865
573921
574256
574617
574628
574661
574672
574747
574773
574791
574818
574916
574935
575120
575204
575300
575304
575345
575573
575697
575908
576268
576332
576388
576388
576457
576462
576689
576691
576694
576750
576791
576897
576903
576910
576952
576959
577319
577373
577377
577543
577645
577655
577694
577698
577804
577859
577914
578133
578218
578472
578778
578830
578843
578865
578919
579280
579299
579393
579479
579492
579587
579793
580031
580053
580095
580553
580657
580717
580728
580911
580940
580979
580983
581032
581049
581059
581116
581164
581205
581209
581339
581395
581417
581473
581581
581592
581664
581904
581946
581975
582008
582088
582123
582190
582203
582272
583167
583252
583425
583427
583572
583656
583689
584012
584041
584311
584334
584353
584411
584677
584691
584743
584815
584904
584975
585053
585193
585247
585392
585518
585579
585623
585690
585742
586018
586027
586152
586432
586500
586695
586771
586772
586839
587328
587341
587367
587403
587472
587548
587555
587562
587584
587614
587826
587848
587974
588016
588033
588153
588171
588290
588395
588429
588433
588841
588883
588924
588932
589100
589329
589342
589383
589502
589731
589765
589809
589819
590114
590266
590543
590656
590662
590746
590992
591036
591226
591491
591629
591746
591775
591931
591946
592046
592294
592307
592351
592388
592409
592438
592461
592481
592614
592665
592801
592808
592841
592935
593190
593212
593214
593229
593250
593363
593405
593424
593519
593569
593629
593680
593694
593917
594186
594228
594242
594279
594520
594767
594780
594829
594890
594962
595033
595105
595252
595269
595323
595375
595482
595498
595616
595847
595914
596133
596167
596192
596216
596430
596814
596821
596864
597314
597367
597432
597718
597949
597954
598439
598461
598869
599191
599222
599369
599527
599642
599686
599760
599921
600086
600189
600328
600465
600597
600657
600658
600697
600704
600866
600931
601000
601091
601127
601242
601591
601809
601878
601903
601960
601997
602006
602131
602141
602233
602248
602516
602712
602740
602847
603055
603066
603268
603307
603539
603611
603675
603762
603888
603958
604024
604225
604227
604243
604297
604316
604338
604585
604688
604730
604806
604822
604822
604842
605022
605067
605091
605125
605197
605282
605289
605291
605454
605548
605638
605644
605650
605735
605746
605845
605928
606001
606278
606282
606373
606623
606629
606633
606681
606780
606856
607222
607265
607407
607823
607826
607897
607923
607923
608111
608575
608582
608584
608678
608728
608788
608879
608948
609133
609284
609561
609640
610117
610145
610272
610306
610983
611018
611134
611172
611242
611260
611302
611386
611400
611412
611485
611489
611590
611701
611728
611819
611976
612027
612124
612218
612247
612275
612335
612433
612592
612683
612736
612801
612940
612989
613117
613308
613495
613600
613685
613796
613853
613890
613992
614219
614224
614344
614412
614576
614578
614581
614610
614699
614793
614819
614975
614984
615304
615573
615903
616233
616336
616364
616563
616686
616835
616870
617071
617095
617111
617150
617176
617208
617294
617303
617325
617341
617838
617855
617868
617910
617918
617945
618127
618216
618230
618322
618526
618659
618665
618677
618797
618837
619318
619323
619456
619497
619758
619777
619828
619927
619931
619954
619958
620011
620035
620039
620148
620192
620296
620308
620346
620484
620508
620667
620680
620980
621054
621092
621154
621162
621184
621239
621338
621351
621486
621506
621719
621749
621912
621989
622030
622428
622432
622494
622576
622577
622603
622663
622789
622812
622822
622830
622924
623071
623266
623303
623360
623471
623492
623910
624390
624524
624661
624868
624988
624999
625138
625157
625329
625533
625679
625727
625745
625888
625931
625968
626039
626221
626235
626258
626320
626337
626526
626856
626869
626928
626946
626954
626960
626977
626998
627110
627297
627313
627557
627685
627824
628179
628287
628511
628543
628771
628820
628914
629039
629041
629050
629141
629228
629336
629340
629342
629545
629560
629563
629611
629719
629744
629808
629819
629924
629935
630006
630093
630206
630374
630699
630710
630764
630804
630842
630855
631143
631189
631453
631838
632117
632225
632261
632565
632641
632688
632733
632866
632876
632914
633097
633352
633467
633486
633525
633537
633625
633763
634118
634243
634243
634547
634613
634846
634849
634905
635044
635076
635081
635440
635538
635566
635586
635599
635786
635919
635986
636122
636142
636416
636435
636536
636692
636774
636814
636847
636967
637011
637017
637194
637259
637363
637420
637458
637540
637717
637725
637898
638088
638100
638185
638353
638633
638755
638856
639005
639075
639175
639199
639316
639435
639479
639732
639746
639747
639903
640099
640215
640349
640445
640459
640472
640531
640722
640725
640840
640993
641210
641540
641595
641906
642006
642011
642204
642258
642294
642363
642500
642577
642650
642749
642781
642926
643091
643153
643227
643295
643351
643403
643458
643468
643512
643579
643715
643734
643765
643793
644017
644076
644129
644237
644380
644664
644699
644878
645004
645046
645063
645128
645272
645286
645351
645407
645440
645569
645575
645590
645638
645661
645720
645722
645750
645768
645769
645781
645930
646042
646070
646113
646125
646135
646181
646294
646333
646431
646484
646532
646591
646691
646860
646902
647340
647473
647603
647655
647899
647927
647932
648224
648270
648355
648456
648507
648756
648894
649060
649292
649418
649499
649550
649634
649763
650108
650196
650701
650839
651106
651160
651223
651281
651301
651355
651465
651477
651501
651530
651542
651687
651782
651869
652001
652027
652165
652188
652201
652356
652615
652754
653058
653323
653403
653408
653443
653678
653988
654119
654223
654285
654339
654455
654471
654490
654502
654607
654720
654728
654761
654857
654866
655241
655321
655489
655512
655716
656106
656529
656732
656786
656885
657398
657476
657522
657523
657613
657639
657640
657659
657663
657718
657759
657803
657858
657917
658296
658563
658663
658775
658800
658862
658979
659060
659192
659414
659453
659524
659526
659565
659716
659733
659747
659828
660042
660058
660127
660147
660196
660241
660370
660389
660541
660894
661099
661121
661268
661313
661418
661733
661859
661898
662015
662024
662079
662133
662140
662384
662411
662413
662516
662526
662639
662698
662712
662722
662853
662866
662975
663070
663294
663353
663438
663473
663486
663597
663652
663880
664005
664012
664267
664288
664311
664333
664340
664403
664436
664692
664912
665073
665140
665165
665322
665404
665412
665568
665957
666021
666123
666125
666230
666292
666301
666372
666701
666719
666748
666782
666902
666926
666952
666970
667107
667158
667160
667265
667272
667326
667395
667425
667429
667457
667689
667905
667992
668205
668296
668382
668426
668468
668475
668619
668818
668854
668959
669058
669252
669396
669500
669527
669610
669719
669725
669744
669748
669879
669913
670303
670363
670545
670594
670786
671051
671088
671148
671440
671540
671630
671636
671731
671756
672439
672608
672897
673054
673068
673210
673269
673294
673316
673336
673506
673541
673658
673667
673742
673858
673886
673929
673933
673946
673970
674168
674184
674202
674206
674274
674350
674409
674460
674498
674630
674656
674737
674922
675048
675124
675223
675335
675359
675409
675484
675651
675663
675862
675885
676167
676251
676484
676517
676572
676663
676741
677017
677018
677155
677324
677537
678002
678204
678291
678494
678807
678875
678896
679065
679082
679133
679162
679221
679252
679273
679294
679313
679382
679428
679449
679527
679621
679642
679658
679967
679995
680031
680083
680139
680313
680365
680474
680478
680631
680725
680842
680842
680904
680924
681068
681276
681307
681354
681457
681482
681494
681508
681548
681879
681902
682186
682216
682294
682568
682615
682687
682788
682866
682900
682922
682923
682953
683235
683509
683511
683740
683782
683842
683857
684100
684223
684294
684312
684337
684535
684612
684674
684743
684876
684977
684986
684997
685105
685112
685161
685256
685294
685739
685747
685823
686029
686119
686168
686212
686216
686256
686373
686595
686604
686726
686809
686904
687030
687278
687441
687593
687601
687638
687826
687996
688083
688389
688424
688626
688836
688908
688954
688977
689014
689024
689028
689068
689357
689643
689751
689760
689838
689860
690177
690400
690473
690523
690630
690686
690757
691042
691187
691212
691410
691664
691715
691731
691989
691994
692038
692133
692283
692656
692720
692733
692830
693063
693239
693405
693477
693559
693674
693742
693874
693910
693916
694203
694238
694299
694343
694459
694484
694555
694568
694581
694602
694653
694857
694945
695000
695092
695094
695166
695310
695387
695458
695469
695599
695668
695739
695766
695874
695928
696130
696135
696235
696281
696286
696472
696658
696697
696732
696823
696963
697104
697104
697696
697777
697782
697825
697836
697892
697925
697988
698218
698279
698286
698291
698437
698498
698690
698768
698860
698960
699105
699147
699155
699177
699224
699262
699265
699413
699451
699642
699770
700186
700187
700193
700395
700412
700416
700589
700596
700677
700702
700794
701320
701334
701365
701481
701600
701647
701752
701799
701828
701846
702042
702111
702119
702202
702242
702256
702341
702349
702567
702681
702824
702864
702865
702891
702911
702939
702951
702992
703001
703313
703336
703403
703493
703575
703873
704028
704235
704301
704505
704779
704843
704877
705015
705042
705357
705455
705568
705644
705716
705719
705978
705991
706015
706019
706042
706155
706218
706265
706422
706539
706570
706715
706765
706821
706903
706917
706936
706981
707105
707361
707413
707492
707672
707943
707946
707950
708026
708056
708107
708317
708337
708397
708456
708467
708484
708495
708510
708573
708978
709086
709118
709222
709282
709286
709598
709720
709900
709934
710073
710330
710368
710466
710474
710532
710725
710833
710901
711138
711209
711239
711319
711461
711463
711585
711730
711811
711834
711845
711947
712092
712142
712232
712277
712413
712514
712648
712664
712823
713259
713380
713403
713467
713548
713591
713688
713764
713803
713809
713929
713931
713964
713970
714133
714150
714207
714268
714358
714457
714587
714662
714735
714876
714910
714960
714984
715229
715240
715263
715588
715775
715782
715814
716164
716223
716415
716672
716724
716817
716920
717065
717102
717258
717479
717528
717618
717743
717977
718277
718332
718641
718652
718876
718979
719179
719427
719544
719605
719636
719682
719755
719813
719843
720053
720071
720085
720367
720373
720450
720529
720830
720919
720930
720942
721099
721130
721141
721331
721410
721421
721583
721613
721618
721707
721899
722082
722399
722682
722907
723044
723103
723134
723154
723157
723162
723226
723333
723644
723977
724046
724062
724099
724188
724223
724301
724472
724519
724552
724557
724707
725072
725100
725131
725164
725296
725388
725415
725578
725603
725688
725699
725815
726068
726166
726308
726350
726484
726585
726609
726974
727124
727204
727218
727298
727558
727621
727656
727685
727774
727825
727929
727960
728003
728174
728295
728311
728372
728542
728558
728564
728631
728997
729155
729170
729201
729333
729371
729525
729528
729628
729781
729870
729955
730004
730147
730155
730187
730349
730428
730616
730661
730979
730983
731125
731128
731186
731276
731295
731324
731437
731518
731622
731784
731919
731939
732047
732504
732608
732684
732884
733042
733077
733097
733141
733377
733400
733526
733529
733560
733562
733720
733725
734005
734015
734134
734401
734599
734720
734791
734952
734968
735013
735019
735076
735126
735169
735216
735420
735488
735777
736029
736053
736223
736589
736620
736635
736662
736896
736934
736950
737470
737607
737678
737780
737841
737851
737854
737931
738046
738160
738229
738408
738422
738533
738535
738564
738678
738705
738735
738873
738904
739057
739283
739400
739621
739658
739668
739773
739781
739834
739961
740027
740072
740121
740150
740199
740280
741403
741411
742019
742115
742216
742494
742497
742567
742801
742825
743052
743066
743183
743424
743431
743539
743611
743674
743675
743699
743864
743985
744012
744019
744201
744248
744283
744333
744597
744630
744759
745024
745351
745351
745382
745413
745445
745445
745458
745534
745535
745549
745838
745925
745947
746242
746264
746476
746646
746734
746955
746986
747030
747145
747332
747449
747517
747534
747614
747626
747635
747727
747934
748004
748171
748187
748283
748322
748324
748367
748525
748626
748651
748801
749098
749115
749181
749252
749384
749448
749500
749679
749907
750081
750239
750337
750411
750470
750492
750678
750698
750937
750966
751098
751184
751451
751876
751999
752133
752243
752310
752382
752382
752400
752584
752589
752687
752739
752745
752798
752881
753063
753152
753327
753449
753655
753738
753839
754050
754099
754171
754378
754425
754549
754674
755004
755077
755081
755345
755467
755497
755824
756042
756117
756179
756200
756313
756322
756456
756598
756676
756686
756776
756904
757041
757053
757203
757219
757392
757489
757613
757614
757633
757739
757819
757846
757912
758079
758134
758138
758193
758202
758331
758372
758492
758627
758686
758715
758978
759020
759242
760517
760548
760554
760615
760727
760749
760788
760838
760875
760994
761067
761371
761381
761394
761715
761784
761799
761807
761834
761848
761850
761857
762014
762276
762286
762380
762808
763150
763269
763313
763442
763449
763500
763702
763703
763841
764542
764640
764646
764675
764737
764759
764776
765243
765364
765429
765440
765482
765483
765557
765566
765693
765833
765985
766086
766241
766314
766496
766506
766516
766603
766670
766783
766798
766849
767045
767086
767350
767388
767511
767525
767581
767829
767872
767922
768029
768047
768096
768254
768311
768399
768427
768532
768615
768701
768713
768884
768928
769274
769336
769382
769425
769590
769623
769849
770020
770028
770083
770308
770399
770424
770491
770541
770552
770792
770833
770854
770957
771030
771114
771153
771162
771284
771293
771294
771420
771627
771637
772156
772236
772333
772411
772626
772720
772983
773004
773121
773334
773432
773445
773461
773553
773556
773871
773983
774059
774248
774295
774448
774489
774520
774548
774713
774777
775114
775222
775271
775286
775409
775753
775833
775967
776070
776132
776377
776449
776558
776588
776732
776889
777034
777068
777181
777196
777332
777537
777564
777600
777659
777837
777867
777897
777933
777950
778217
778334
778373
778473
778759
778874
778944
779041
779060
779171
779185
779245
779317
779388
779613
779726
779904
779996
780095
780136
780151
780263
780269
780289
780376
780591
780820
780955
781047
781306
781322
781342
781597
781723
781783
781895
782017
782110
782138
782144
782157
782218
782237
782257
782663
782668
783015
783060
783124
783173
783190
783238
783286
783477
783534
783570
783679
783762
783791
783810
783907
783931
784002
784117
784248
784404
784555
784587
784666
784896
784950
784950
784973
785129
785141
785297
785302
785371
785447
785548
785610
785674
785717
785800
785812
785839
785980
785995
786137
786141
786284
786458
786573
786687
786770
786920
787181
787997
788056
788073
788270
788331
788375
788441
788579
788592
788735
788745
788795
789196
789275
789319
789325
789440
789610
789673
789788
789797
789936
790088
790139
790508
790647
790776
790888
790946
791021
791407
791521
791613
791774
791867
792038
792094
792140
792241
792254
792348
792433
792461
792569
792620
792681
792769
792785
792815
792826
792871
792902
793087
793397
793427
793635
793731
793757
793837
793846
793866
793873
794006
794256
794640
794888
795010
795041
795052
795298
795372
795409
795527
795637
795771
795917
796010
796047
796061
796115
796201
796392
796456
796644
796649
796693
796747
796887
797235
797308
797526
797617
797618
797825
797891
797960
797997
798132
798207
798306
798309
798375
798429
798451
798477
798541
798561
798951
799151
799195
799246
799312
799601
799607
799775
799792
800072
800733
800742
800797
800881
801079
801095
801144
801342
801396
801433
801525
801801
801806
802068
802112
802264
802351
802435
802551
802631
802767
802880
803009
803029
803048
803077
803400
803854
803866
803913
803964
803986
804006
804218
804301
804378
804705
804747
804796
804976
804995
805110
805163
805188
805333
805402
805488
805528
805668
805677
805679
805681
805685
805800
805861
805942
806074
806181
806406
806664
806697
806759
806969
807121
807265
807348
807472
807499
807531
807678
807703
808082
808093
808212
808229
808244
808436
808708
808746
808923
809033
809036
809123
809327
809377
809405
809727
809970
810099
810119
810142
810159
810307
810384
810454
810505
810572
810661
810713
810715
810917
811149
811167
811282
811321
811350
811416
811437
811461
811486
811575
811933
811993
811996
812077
812080
812151
812203
812233
812472
812604
812765
812986
813027
813104
813108
813385
813615
813733
813813
813836
813874
814061
814099
814117
814117
814206
814286
814579
814721
814781
814801
814826
814954
814989
815316
815364
815649
815744
815762
815941
816063
816126
816142
816243
816287
816296
816339
816431
816459
816688
816924
816945
817025
817050
817237
817305
817328
817405
817423
817654
817665
817692
817724
817820
817871
818026
818144
818272
818285
818289
818431
818456
818484
818514
818685
818702
818756
818767
818839
818961
818972
819186
819351
819552
819646
820062
820169
820214
820242
820242
820322
820380
820384
820460
820525
820628
820673
820695
820703
820754
820851
820986
820997
821007
821216
821261
821372
821532
821606
821642
821832
821900
821903
821975
822003
822013
822176
822245
822502
822509
822533
822886
823361
823373
823415
823433
823502
823784
823832
823955
824200
824202
824329
824361
824399
824487
824537
824777
824816
824900
824945
824990
825099
825269
825290
825303
825764
825775
825775
825781
825847
825875
825950
826006
826006
826151
826416
826443
826580
826583
826635
826874
826949
827018
827123
827408
827495
827569
827603
827865
827869
827955
828019
828149
828473
828511
828645
828651
829131
829226
829377
829427
829604
829620
829756
829988
829998
830077
830239
830390
830749
830794
830796
831111
831120
831142
831151
831154
831188
831253
831296
831493
831527
831534
831553
831570
831586
831609
831851
832024
832085
832234
832418
832558
832643
832691
832737
832770
833113
833283
833573
833675
833753
833940
834056
834111
834151
834416
834422
834424
834597
834857
834891
834975
835181
835359
835462
835487
835513
835674
835797
835982
836104
836317
836322
836340
836584
836716
837441
837560
837599
837645
837680
837749
837765
838008
838142
838223
838225
838547
838826
838937
839025
839046
839056
839184
839282
839413
839465
839494
839545
839572
839640
839676
839928
839976
840006
840147
840259
840307
840431
840794
841194
841265
841327
841561
841595
841636
841758
841769
841779
841799
841934
841934
842017
842091
842507
842643
842649
842660
842881
842930
843088
843118
843185
843233
843642
843678
843744
843995
844163
844234
844238
844326
844326
844478
844622
844849
844872
844995
845161
845173
845176
845332
845397
845461
845492
845743
846007
846059
846137
846203
846218
846246
846312
846316
846399
846525
846881
846960
846965
847472
847754
847832
847870
848004
848024
848038
848202
848496
848623
848627
848698
848877
848938
848982
849015
849089
849200
849238
849263
849287
849295
849374
849422
849533
849657
849671
849745
849902
849919
850002
850059
850164
850264
850390
850395
850430
850529
850899
850932
850975
851085
851091
851246
851506
851566
851582
851642
851735
851790
852083
852378
852402
852497
852591
852603
852697
853013
853111
853116
853137
853168
853274
853310
853314
853588
853656
853883
853903
854004
854145
854226
854230
854240
854316
854368
854605
854611
854625
854655
854676
854762
854792
855062
855063
855101
855271
855454
855506
855544
855634
855818
855879
856104
856280
856575
857010
857354
857370
857405
857437
857552
857770
857811
857959
858043
858057
858107
858367
858483
858571
858577
858833
858968
859081
859169
859478
859485
859543
859891
859910
860116
860231
860314
860341
860433
860498
860519
860616
860762
861007
861042
861072
861155
861177
861247
861260
861302
861395
861402
861757
861805
861870
861913
861927
861933
861961
862431
862544
862642
862644
862691
862770
862782
862886
863079
863128
863167
863178
863198
863379
863401
863523
863646
863688
863749
863833
863844
863896
863966
863968
864021
864054
864213
864286
864379
864380
864390
864639
864794
865160
865242
865317
865655
865804
865837
865887
866047
866176
866321
866395
866540
866614
866645
866810
866855
866935
867049
867071
867292
867417
867522
867593
867790
867947
867986
868130
868351
868360
868459
868585
868688
868696
868765
868792
868819
868991
869136
869150
869225
869281
869316
869409
869432
869520
869672
869768
869792
869825
870222
870278
870532
870570
870617
870762
870781
870882
870936
870999
871036
871194
871271
871313
871402
871502
871567
871599
871730
871765
871816
871906
871997
872118
872250
872398
872398
872512
872594
872640
872650
872720
872745
872771
872966
873003
873007
873044
873243
873479
873499
873670
873733
873793
874065
874068
874072
874128
874143
874252
874299
874474
874496
874646
874648
874648
874852
875063
875245
875482
875489
875748
875887
875917
875929
875991
876132
876224
876297
876343
876446
876485
876563
876599
876602
876695
876815
876874
877025
877113
877125
877130
877193
877200
877239
877362
877473
877531
877613
877783
877821
877835
877945
878049
878073
878219
878234
878281
878418
878650
878671
878713
878730
878897
878913
878951
879024
879192
879196
879349
879397
879538
879610
879640
879783
879995
880218
880389
880396
880411
880515
880561
880735
880765
880799
880972
881102
881159
881217
881246
881296
881434
881497
881660
881916
881924
882023
882318
882370
882379
882379
882583
882702
882708
882723
882735
882770
882900
882986
883065
883140
883158
883196
883200
883354
883408
883572
883662
883785
883831
884191
884228
884319
884346
884505
884609
884690
884860
884908
884976
885179
885203
885214
885279
885393
885596
885623
885738
885901
885958
886175
886352
886417
886633
886679
886681
886908
886908
887061
887073
887094
887106
887290
887492
887801
887818
888272
888283
888376
888472
888554
888589
889040
889204
889391
889616
889618
889853
889939
889972
890047
890205
890289
890323
890363
890394
890607
890683
890858
890878
890887
890973
890983
890985
891006
891096
891118
891189
891248
891374
891521
891529
891683
891856
892072
892103
892177
892257
892451
892462
892489
892568
892571
892735
892860
892880
892940
893083
893698
893785
893928
894181
894414
894423
894516
894645
894868
895298
895369
895687
895710
895786
895942
895976
896018
896294
896436
896445
896461
896506
896736
896736
896746
896852
896931
896941
896962
897071
897150
897163
897221
897275
897339
897476
897490
897514
897742
897821
897853
898101
898488
898583
898587
898623
898664
898734
898777
898892
899036
899088
899243
899532
899648
899905
899932
900095
900203
900231
900243
900285
900503
900776
900786
900830
901046
901083
901146
901231
901287
901292
901439
901493
901837
902053
902129
902178
902206
902243
902262
902556
903197
903256
903264
903298
903379
903382
903428
903509
903529
903640
903684
903894
903923
903996
904087
904094
904205
904367
904399
904414
904461
904556
904662
904692
904703
904738
904778
904859
904921
905018
905236
905331
905479
905497
905591
905759
905759
905769
905776
905777
905921
905977
906012
906016
906125
906156
906356
906373
906385
906408
906771
906850
906928
906929
907008
907021
907167
907333
907372
907409
907491
907502
907579
907581
907730
907848
908073
908131
908388
908430
908517
908706
908766
908814
908972
909035
909059
909109
909137
909210
909265
909318
909566
909572
909633
909785
909847
909996
910119
910482
910484
910514
910737
910873
910900
910912
911002
911010
911019
911116
911145
911268
911319
911389
911511
911528
911566
911761
911834
911929
911980
912004
912048
912082
912170
912257
912344
912417
912535
912797
912802
913010
913123
913306
913458
913497
913678
913810
913886
914037
914163
914303
914547
914977
915091
915129
915203
915265
915307
915326
915349
915442
915570
915671
915715
915752
915854
915941
916162
916237
916355
916363
916405
916542
916725
916766
916830
916867
916932
916973
917110
917255
917270
917322
917417
917487
917544
917755
917892
917916
918063
918354
918589
918647
918694
918754
918980
918981
918997
919006
919008
919071
919167
919245
919335
919394
919399
919420
919484
919737
919792
919808
920080
920207
920310
920329
920362
920425
920494
920855
920856
920974
921003
921284
921444
921617
921641
921761
921773
922148
922252
922387
922398
922658
922703
922722
922821
922953
922964
922988
923173
923215
923410
923437
923560
923602
923665
923787
923859
923906
923980
924002
924019
924125
924269
924342
924442
924460
924484
924515
924548
924591
924856
924877
924935
924959
925051
925154
925202
925214
925279
925303
925379
925447
925452
925538
925612
925672
925713
925863
926130
926166
926293
926387
926598
926722
926830
926849
927273
927311
927324
927330
927486
927791
927802
927815
928017
928031
928128
928227
928395
928610
928788
928788
929012
929384
929398
929667
929700
929719
929737
929752
929920
930082
930109
930116
930357
930504
930569
930682
930806
930872
930900
931014
931329
931465
931707
931798
931878
931952
931963
932155
932295
932305
932424
932625
932811
932868
932935
932955
933134
933255
933308
933349
933567
933761
933849
934041
934059
934179
934345
934554
934721
934733
934789
934948
935287
935301
935337
935406
935426
935475
935572
935674
935848
935915
936051
936183
936373
936510
936761
937140
937195
937269
937340
937549
937911
938063
938077
938087
938090
938193
938408
938617
938973
939056
939159
939223
939561
939623
939630
939646
939851
939964
940016
940044
940132
940453
940518
940683
940831
940861
941102
941266
941315
941433
941488
941898
942266
942367
942404
942424
942564
942595
942617
942663
942708
943043
943109
943112
943221
943296
943305
943372
943469
943634
943915
943919
944032
944125
944250
944407
944505
944561
944567
944669
944688
944689
944844
944933
944944
945009
945033
945067
945122
945161
945173
945209
945314
945645
945772
945941
946120
946207
946225
946294
946423
946543
946597
946631
946692
946764
946875
946970
947043
947084
947204
947273
947303
947440
947516
947545
947586
947684
947824
947825
947964
948022
948315
948619
948657
948713
948901
948982
949050
949065
949224
949285
949340
949346
949388
949541
949895
950025
950274
950470
950482
950796
950843
950905
950938
951055
951164
951405
951466
951479
951506
951536
951538
951798
951844
951860
952134
952240
952303
952387
952412
952442
952660
952697
952714
952742
952858
952940
953013
953022
953107
953152
953225
953398
953588
953659
953812
953829
953876
953942
954162
954186
954194
954676
954693
954875
954903
955113
955200
955213
955273
955295
955429
955451
955588
955827
955966
956293
956295
956932
957116
957213
957337
957674
957888
957954
958047
958098
958313
958322
958327
958430
958516
958544
958632
958663
958903
958912
959052
959068
959096
959134
959330
959352
959435
959587
959638
959992
960192
960341
960362
960419
960513
960656
960721
960771
960933
961071
961358
961379
961431
961622
961724
961849
961968
962231
962286
962393
962550
962601
962695
962718
962944
962978
963013
963212
963259
963513
963815
963869
964011
964375
964529
964540
964561
964656
964674
964757
964953
965148
965159
965189
965294
965589
965701
965706
965739
965791
965929
966023
966100
966200
966557
966577
966582
966697
966800
966805
966886
966902
967054
967312
967573
967675
967770
967885
967909
968041
968048
968110
968126
968161
968163
968399
968767
968787
968803
968822
968929
968975
969026
969155
969247
969249
969561
969563
969666
969941
969965
970015
970066
970137
970346
970411
970438
970611
970756
970780
970914
970968
971060
971072
971131
971189
971191
971243
971450
971476
971700
971784
971855
971961
972087
972156
972302
972536
972572
972591
972593
972668
972697
972922
972925
973123
973276
973360
973678
973690
973745
973829
973981
973993
974000
974300
974359
974431
974439
974473
974499
974554
974635
974662
975135
975154
975173
975368
975465
975548
975690
975757
975843
975870
975963
975982
975995
976080
976116
976164
976199
976205
976249
976423
976576
976634
976698
976800
976966
977044
977238
977516
977647
977747
977751
977775
977841
977875
977912
977978
978065
978168
978400
978418
978549
978612
978725
978758
978761
978795
978796
978847
978851
978978
979032
979250
979378
979500
979848
979884
979886
979914
980010
980119
980286
980665
980696
980708
980734
980760
980767
980895
981002
981010
981043
981088
981217
981220
981238
981258
981286
981342
981375
981486
981511
981565
981578
981739
981743
981745
981884
981892
982235
982238
982482
982515
982596
982714
982716
982871
982913
982940
983009
983042
983061
983166
983260
983307
983436
983610
983845
983867
984194
984378
984480
984491
984570
984760
984913
984982
985135
985157
985161
985329
985398
985419
985431
985455
985645
985664
985769
985791
985893
985956
986173
986217
986238
986253
986335
986710
986939
986944
987145
987189
987252
987419
987506
987912
988077
988080
988116
988120
988211
988219
988293
988359
988386
988413
988442
988498
988616
988707
988766
988993
989033
989045
989126
989232
989355
989457
989620
989716
989734
989751
989782
989942
989978
990087
990183
990266
990414
990572
990683
990773
990803
990927
991071
991102
991277
991298
991373
991468
991573
991608
991707
991853
991922
991942
992022
992033
992048
992197
992299
992360
992629
992642
992946
992988
993139
993393
993472
993858
993873
993922
993949
994004
994100
994188
994322
994607
994678
994725
994787
995137
995157
995372
995620
995678
995771
995810
995894
995943
996002
996346
996543
996554
996634
996690
996774
996795
996883
996961
997000
997197
997313
997437
997454
997459
997475
997655
997776
998034
998097
998401
998405
998503
998512
998760
998789
998846
998906
998946
998970
999129
999149
999221
999322
999359
999384
999414
999431
999552
999620
999663
