1000
966
2687
3157
4297
4428
6458
8023
8065
8347
10434
12500
14303
14391
15550
17080
17122
19344
19543
19615
20171
20400
23852
24425
24639
24966
25044
25052
26255
27614
27662
28091
28889
30586
33135
34706
34787
35592
36630
38331
39198
41258
42923
43514
43770
44566
46205
46644
46908
51631
54461
54715
55323
55852
55988
56313
58585
58662
59302
59521
60010
60829
61353
64925
65724
67048
67785
69547
69998
71259
71513
73059
73250
73540
73898
73903
74404
75629
76476
78027
78183
78578
79125
79571
79704
81375
81589
81999
82622
84379
85446
85713
87529
89311
91147
91376
91589
93728
93964
94742
95424
95529
95853
96015
96907
100540
100598
103014
103664
106015
106199
106694
106984
107033
107475
109361
109851
110102
112494
119415
120075
122420
124851
124972
126742
126919
127995
128341
129115
129814
130085
134169
134786
135502
135535
137485
139574
139955
141845
143403
143997
147033
147232
148008
148615
150797
151820
152833
156382
156964
157553
159473
160019
160045
161008
162793
163088
163130
163243
163966
164473
165687
165879
167329
167734
170393
172769
173122
175125
176353
179266
179525
181052
183285
183539
184443
184578
184650
185362
185853
186509
186703
187511
188520
189902
190199
190638
192155
192448
193821
194129
195985
197152
197853
197964
200027
200729
201133
201631
203287
204221
206340
206406
207138
210515
211262
211768
212212
212422
212629
215140
215800
218169
218873
219292
219671
219833
221651
222053
222492
222597
225850
228664
228928
229152
232867
235292
235472
236045
237625
238682
242385
242710
243295
244302
246617
246810
248169
249537
250056
250180
250842
251712
251894
252039
253195
253932
255410
258246
258415
258625
259897
260127
260138
261223
261283
262222
263471
267299
267897
272759
276358
278010
278815
279751
279816
280296
281033
281687
281816
282862
283323
285762
286422
287234
287529
288070
289217
289805
290747
290942
291662
294378
294923
295117
296114
297408
298342
298465
299311
299318
299633
299730
301565
303482
305703
305906
307208
308289
308868
310577
310684
310752
311657
313102
314273
314518
315702
315910
316081
316478
316806
317186
317784
325102
325587
325718
325891
326123
326252
326600
327077
330004
331225
331934
333301
333801
334458
334532
334909
335800
336256
336314
337653
338109
338212
339601
342174
342719
344296
345101
345604
348325
348500
349801
349979
350170
351054
351974
352461
354123
354636
356065
356599
357727
358529
360378
360398
360639
360812
362398
362472
364092
364645
364675
366733
367960
368286
369352
369808
370889
371374
374955
375975
378920
381248
381643
384000
384442
384592
386439
389015
389595
390928
391214
391614
391738
391807
393182
394880
395130
395595
396445
396555
398517
401375
403602
405480
406623
407248
408514
409187
409762
410319
410504
412757
415314
415721
416964
417067
418866
419627
419837
419877
421583
422096
422151
423695
424015
424504
424605
425181
425612
426264
426572
426913
428044
428848
431106
431844
434862
435493
437024
439163
439575
441413
441712
443611
444582
445747
446316
448796
451299
454117
456062
457621
461354
461991
463135
463496
464287
464631
464869
466782
467507
468589
469223
470618
471197
471356
472589
477749
478062
478286
478981
478981
479574
480176
482259
482736
482843
483114
484079
484300
484445
485078
485344
487029
487910
488922
489715
490021
490840
491692
494616
495249
495958
497761
498042
498285
498325
498496
500075
500643
505054
505489
506350
507909
508278
508443
512039
512849
515129
517609
518048
520518
521078
521400
523370
524096
525120
526179
526851
528078
529675
530073
530515
530593
533181
535808
536553
536665
538246
539839
539863
540115
541505
542320
542707
543619
544210
545215
545624
545652
545726
546796
550597
551547
552257
552748
552863
554204
554929
555289
555797
557746
557933
558948
559068
561529
562863
564110
564663
565166
566501
567361
568414
569928
571549
572248
572339
572506
573871
574297
574313
574439
575810
575867
576150
576788
577335
580551
581574
581905
585508
586473
586695
586885
588195
588341
589239
591366
592532
594426
595203
595482
596409
597520
598957
599238
600068
601796
602162
602551
602762
606828
607706
607734
610655
610801
611227
611643
611911
612135
612658
613580
614393
614747
614808
615257
615564
616192
616412
616538
616970
618353
619104
622112
623074
623353
623905
624172
624951
625245
625693
627240
628584
629694
634910
634981
634987
635158
635574
635649
636215
637761
639779
641398
641689
641736
642431
642648
643262
643962
645152
645763
646143
646787
647155
648002
648081
649396
652609
653770
659876
663631
664633
665867
665933
668547
668701
670642
672014
673303
674520
675369
676887
677264
677642
679899
682953
684169
684746
685503
685512
687264
689414
689764
689917
690612
690638
691430
691793
693373
694529
695270
696041
696563
697413
699089
702699
704781
705814
705849
706361
707282
707283
707900
709618
710457
710658
711035
712344
712801
713089
717051
717105
717349
718657
718867
722301
724685
725193
725349
726631
727260
727386
728678
729538
731739
732013
732768
733931
735283
735727
735799
736813
739638
740394
740557
740968
741499
741927
744585
745254
746752
752307
755415
755452
757553
757693
764010
765984
766128
766348
766552
767489
769120
769584
769633
769830
770305
771440
771636
771870
771894
772301
773549
774957
775552
776875
777874
778541
780677
780697
780786
782998
783978
784607
784626
784768
786694
787395
787641
787973
788083
788670
788976
789475
790121
791682
793499
794117
794224
795241
796072
796210
797956
798790
800770
801917
802258
804186
804407
804777
805967
806977
807177
810709
811361
813484
816848
816848
818885
820938
821357
821603
821636
823418
825094
825347
826048
826362
828836
829583
830414
830806
831446
832946
834246
835397
839795
840918
841613
842836
843933
844221
844579
845591
845798
845929
846220
846693
847180
848108
848269
848329
849406
850294
850691
851080
851997
854264
857740
858382
858654
859938
860929
861282
861853
862726
862894
864140
865684
866065
872225
873333
874503
875040
877030
877082
877289
878246
879779
880008
880250
882232
885383
885561
888936
889800
890001
891892
892125
892770
893962
895627
896601
897602
899737
900030
900075
902139
902464
904903
905978
906019
906763
906871
907372
907373
909533
909675
911475
911631
911850
912102
914217
914531
914887
916191
916654
917881
918269
919206
919966
922310
922488
925237
925326
925541
925782
927198
927413
927702
928202
929617
930033
930182
930823
930924
930968
931101
933436
934514
934725
935662
935796
937117
937649
937766
939543
939903
940121
940368
942965
943015
943220
945465
947083
947955
948391
948752
948859
949094
949442
949919
950266
950855
950928
952252
953029
955193
955583
956078
956366
957763
957771
958866
961445
962626
964407
965143
966675
967893
969023
969053
972640
972765
973452
974075
974427
976547
976581
976726
977124
977646
978927
978965
979227
981465
983974
984041
984381
984588
985224
987814
988237
988845
988864
989051
989460
989992
990803
994688
996754
997094
997096
997840
998948
999880
