10000
236060
960794
44125
845523
971122
7719
659100
156841
566739
801229
588138
645738
727666
679022
593873
451495
185642
717509
212602
774918
448287
400269
268081
627153
921929
267641
817969
167179
476562
407563
260191
712622
368357
820668
74498
339479
344739
733598
12672
911478
534827
600811
73568
262494
796185
667441
713989
981827
384950
926592
273097
349590
843213
57531
976743
281494
325172
794713
448673
801734
718628
225216
30709
86985
45885
105207
426464
390624
838805
955488
818455
889985
556299
892023
152479
868837
75817
382820
367016
460767
825764
640114
326709
668977
697645
303453
950471
22817
614518
915497
340903
333146
140713
371612
936483
186598
476819
879299
93575
831977
834787
912030
721962
391087
320405
874441
776276
396222
773613
143292
373342
599378
783406
700051
268355
481051
3504
735179
503868
134374
650676
361124
983872
791389
732736
920355
494340
725908
799654
104267
557885
634442
532649
279847
541881
853054
670640
318157
249277
444253
461449
622619
43631
244856
839022
828339
725907
358879
563518
746128
493253
730546
107252
477126
38287
356340
397481
48979
82248
197136
153246
156485
347930
685895
436332
889811
55302
106972
207968
304579
67578
669417
443550
111209
430625
798924
939548
156533
157803
19418
419013
167409
749964
42617
644535
304604
398957
558368
353583
997558
271856
23182
154043
619786
709077
106728
25949
280731
730052
233917
101662
797630
419687
545212
908840
850312
860489
364740
523197
18292
384159
458562
185701
134123
501179
346588
955079
900137
421309
308663
414047
693165
331845
84442
829304
557274
707522
855253
838006
437575
605523
939668
751557
541562
1233
660397
908226
861722
541490
431424
396366
925649
889986
582068
576124
907518
445008
531204
807655
866317
356219
738054
75835
688064
822496
421491
761690
46371
276744
116048
483946
398619
572069
235503
940181
573302
412253
848408
951376
953743
796184
347742
395744
202522
446162
971868
110040
407523
19424
434047
273840
375643
172101
866027
63707
510950
287518
341750
557321
80615
457798
557619
479234
29867
309474
935768
119521
238079
300528
587249
708174
613064
934992
103918
331938
897506
592139
441979
305029
611563
392378
95222
987207
80832
961249
567266
108134
765120
909016
181807
845735
883167
739426
841321
429386
565252
293441
548908
803332
593969
136157
511506
723385
587501
615425
55324
1360
723916
13655
306389
335479
406033
917963
839038
486865
395565
406305
594999
160685
831673
776806
6420
231192
32584
847741
660579
597837
141183
725839
401169
251504
861996
429027
974890
965850
560804
30214
967210
284720
43869
789951
136552
966254
707915
975590
453120
103480
898247
564471
264165
729921
857630
786937
961113
406566
151030
138044
4403
292213
863883
921924
60070
725880
867304
551312
208082
428108
97878
175292
229181
658099
965243
365733
624353
189510
341323
593825
292990
239571
674649
73507
485844
532279
860444
963309
938845
11475
101354
459601
820040
965237
381525
396462
207469
765181
947774
931903
193290
45652
107195
422471
703751
588791
304556
844457
778301
645879
438282
587644
401802
112931
661151
403998
161562
37948
367308
100408
565775
985014
76361
902167
950251
974238
298630
674073
739420
246404
605976
932710
808409
229524
871533
28512
818315
176089
872969
596616
338320
827604
184260
740123
940535
361764
660473
618450
399712
27781
718858
481839
12795
795219
384006
479399
769457
682636
669824
508877
445393
275800
957939
253802
21676
829472
282314
839991
521913
671636
952960
860234
499240
653572
116709
956127
15336
777182
574577
931400
804964
809787
413239
334111
121358
797246
813510
407168
996234
999686
432397
441627
275487
390337
695429
813515
736161
494096
653507
258075
682084
122819
634661
697676
776391
751370
653803
308080
528552
744733
239480
849868
70872
169072
700332
192231
482670
30194
115751
478904
29881
548148
920532
305368
454837
132313
635235
707351
142761
288742
965426
824845
411561
116439
38873
704305
867809
692677
12385
912713
953762
768217
278934
24634
937289
979266
733217
936311
9460
848968
415216
39341
913469
852100
861061
368306
984413
496297
75657
643527
301391
557435
984724
712953
673874
23598
417258
58035
232627
945995
487101
186389
714212
766035
727375
651502
261653
976945
587813
271113
342265
519381
826807
255734
371481
687868
624041
872247
700517
216050
515774
1909
773486
16850
231214
963712
40448
164824
21748
273075
110819
25201
975816
825031
791236
219544
992885
52889
196489
97051
840354
538754
616432
667161
794489
504266
355030
934882
892865
571899
150932
924991
573808
440770
941841
321374
404483
982290
486198
942583
771717
597017
967784
263886
938401
275372
483430
931286
328261
196271
544689
684967
251377
161122
352129
45866
181740
223511
497100
74605
795410
164385
999596
885571
605155
941437
206945
525990
440079
693144
984925
211797
806513
952709
992035
744914
744433
475465
192553
589046
188088
737242
274014
439465
414716
626143
485332
596456
849654
498784
187413
161416
663169
187009
46987
784677
644799
253933
827019
84878
463429
811945
813027
269942
281006
805062
531209
25440
796879
723762
614486
984967
461004
888500
424433
392073
30995
426117
504881
397001
924901
692295
558418
104423
879304
121757
405452
524103
892042
232471
125334
355471
44416
938361
625414
325423
743424
156623
867215
56655
396737
481701
41623
374093
886554
466056
766166
917549
892173
271048
314551
333426
963343
389321
437849
358999
511078
843301
399455
403121
592125
524789
758592
636541
463150
900358
478316
722926
573333
345531
779582
970070
343585
821205
344164
230139
803613
626682
664040
695786
897730
494943
29212
377425
884264
983414
736425
395343
343067
135880
314816
935192
177021
589760
571734
640171
6471
566402
879450
579804
428286
659032
66227
771871
996589
926743
518362
800202
553425
182402
12340
967508
677346
557904
861285
561610
541318
114062
473305
400738
249942
304473
335930
426963
894234
424016
583487
900705
990419
462937
996861
418705
638321
63088
706928
151262
506183
225290
467816
575961
407692
480156
59821
601390
38060
921106
163001
95731
35169
152658
496469
801463
457132
348751
744779
867718
772768
844618
284775
279539
823907
797988
698244
462228
377429
921524
129842
883612
146814
597658
459573
70858
594166
519394
672249
148578
956853
351602
760661
992022
504260
257130
309837
477744
605882
54616
861814
895002
899234
662941
174541
723141
460930
389137
701721
838359
310661
347915
238323
973827
461925
214249
44685
572443
249995
716934
721022
206848
68536
481683
715222
89149
255166
25060
83245
377400
596028
945060
272402
11615
608001
446943
251108
585283
352432
469182
423642
663093
817097
661966
636920
795375
876215
197957
367818
642562
914892
88840
849411
499780
86876
564633
588929
342042
106045
672175
719442
702074
133587
508196
230041
257940
955139
481149
843224
823923
950331
266866
487016
283781
445184
640288
79156
837751
838245
963326
480314
269489
568519
846077
769270
655395
927062
358199
513789
33108
546726
749583
251534
680313
257779
481575
938254
729270
962724
781478
553193
429408
564696
556561
229541
526233
196849
825049
880336
551446
788375
360650
820936
356894
723079
590206
528641
650142
948405
42430
683250
495132
792013
934784
691797
566144
932711
630051
295414
895435
411529
364959
841195
492578
921520
70736
18811
118369
895785
899147
186168
200513
776150
7104
557407
499229
597310
86049
149371
62067
644831
348973
73551
953197
800109
765349
519341
732820
911752
331108
144608
839634
696067
985803
332212
617588
56540
351023
252309
468677
766522
438477
669190
542672
961933
742950
41902
559243
345351
707625
137663
990182
56599
727566
943379
856708
9267
979073
589529
921020
310181
734137
760654
6248
236292
92866
140188
809184
960241
392498
277862
726763
347327
463404
269436
309261
722706
827690
384856
68057
51667
38871
574592
624618
766438
34323
481327
775705
13396
587208
696725
839929
837697
457379
846178
590341
66597
502718
399526
26838
895216
193740
753602
758896
173496
539390
68157
896203
883432
969365
964260
935099
8237
538852
559718
774675
573176
557397
550380
102924
660957
247106
942854
498654
220837
305384
88995
287435
808102
4873
830625
219671
198613
584227
978567
372110
639969
563076
784665
523401
532441
748925
458501
540678
804130
534571
315353
893658
91968
382086
996582
752925
145544
455788
767931
882733
761172
373278
170168
85627
378152
517146
305298
93117
617725
800217
981579
257695
879645
766244
781096
412086
31522
755949
469117
835652
806872
300822
245662
898840
682908
242244
168117
828452
214385
936048
711186
975557
825679
397706
577536
720183
914852
399186
813300
532578
199403
311232
306625
79048
593828
604073
7487
625350
876375
476604
977354
683247
777426
223016
582088
976687
981613
266557
321491
195998
718958
32677
687907
544637
946736
265444
781172
377940
664630
110824
426870
380386
422056
249847
975786
15885
853921
983273
157587
730296
976229
134942
413543
270008
357958
511983
246695
855923
778541
568186
51921
13851
117216
256181
74840
580304
521625
856012
958244
702607
966836
901467
599345
388893
151314
575132
921130
5235
74757
78717
251883
50987
730011
665427
320995
604322
177410
84042
460245
472303
652228
28519
486154
769444
284700
560994
349748
322677
933358
824345
541636
900195
242164
140982
805440
393478
716114
242922
915066
307223
837991
166949
358210
568003
348728
195557
172325
42491
279599
148922
514794
448180
693793
517301
217624
978493
594647
83725
817522
528006
908070
359159
944553
150234
16493
266345
60064
248959
509267
975130
556182
347258
658432
430745
431613
7160
626302
120290
49651
422254
269213
80798
870434
479358
114451
604410
974204
709098
688135
791726
753456
112557
667237
214361
262791
683730
480706
839208
932689
989973
814338
488872
853584
989122
919617
285197
996283
62271
921840
562286
877
707405
159436
871311
186763
273887
475722
160967
982986
680209
469046
252794
792767
136283
467156
571910
336366
464214
411118
785407
454188
741809
790631
824124
730931
226600
625673
243566
805224
547513
322205
806101
254918
481641
193765
441682
755529
185839
119001
738515
866048
588047
507661
658815
240683
491169
230726
577049
955384
641844
878808
925924
383653
669440
750048
630937
896040
892073
874503
701264
439587
196708
507366
210857
678350
217483
652539
433879
403322
287893
688746
269370
875940
712759
928186
116623
203929
675264
210024
675665
833460
88833
601589
733466
758273
867989
364403
170665
760062
755258
871930
716001
468319
895648
926859
146669
113131
95750
96900
516453
383643
301998
302175
775936
531109
746713
892559
735038
421977
102584
410703
771790
707769
528644
505256
466042
396633
869659
153059
673048
141269
541341
905401
609588
953341
832260
756257
66472
444363
369509
99277
344358
187859
917805
120294
718969
664518
12854
970359
86496
631790
381063
858286
339559
426059
879894
321953
339045
749553
475012
528445
890822
532706
433846
16763
486047
782459
773020
68872
226822
658882
684501
571180
846741
602306
691475
82062
266825
220681
52422
869673
852471
949837
244311
708382
375896
124205
546687
231293
390110
538051
759738
797284
70757
193585
814047
556805
976044
103420
625677
719218
278654
310178
290398
641747
912485
498225
723810
695662
718906
776232
565335
87729
242421
325998
312463
618317
450203
859150
849611
356665
913554
125701
153949
984311
319286
484349
57468
811682
104121
683145
530900
382775
509676
821299
24522
938513
835876
264684
634175
554783
40916
715862
158864
283337
41860
471328
418007
8415
846830
783970
365080
760384
909671
35381
744696
745310
36082
318516
556992
140203
1662
604245
522978
27690
425544
63853
966203
777772
328537
600378
332555
885806
316240
7772
685495
874452
479100
103502
882867
842282
403824
247947
602667
313496
799680
863715
575158
835763
182231
132150
975966
700245
252747
15297
727935
194643
595502
694138
972416
440391
294516
821323
326197
127108
829095
11693
1560
824547
631547
400779
666830
35372
648726
269497
865220
964759
649564
956730
800522
831795
605232
292840
532041
857980
824489
776328
52623
936343
470467
25039
376735
281335
846363
702932
924796
675458
230977
926356
500006
862525
843488
683188
414249
492214
952685
795821
973325
118601
752551
290199
950396
874135
99392
998789
732115
923881
775118
784739
860225
761937
809778
753312
43272
172493
456244
968068
364304
203574
410777
380662
582451
254265
63850
996700
262831
532887
308873
236157
651488
577776
42708
601884
451911
142100
117026
184027
582334
408496
485118
958911
170433
294896
712223
730057
983742
684819
698126
348046
888393
625255
728708
470844
395872
308910
983896
658703
841797
292769
411212
493285
870545
453921
611521
838809
112373
728547
22836
694707
653395
24306
653618
823828
835554
365841
70238
819296
50661
284716
683694
455406
909971
928754
926251
305843
237664
910147
480898
79461
202917
408463
572746
589814
378736
700620
944975
491109
945519
484163
185817
598915
508469
355787
939095
344024
237981
9333
163320
804994
294049
847015
260400
720372
775769
186651
26215
529786
96799
23466
609247
816068
431929
698346
405882
327017
398966
867210
818126
344485
351373
520295
943400
859843
876083
398848
203867
630416
408181
883539
435410
218583
246906
695810
938955
22676
882462
481523
552462
495613
504989
678061
311681
453270
376407
233915
296639
775373
101125
114765
636211
452499
151413
579611
312342
543848
494811
32561
174264
902993
916100
609674
121576
163007
821836
576883
702035
220650
58406
770849
716263
79747
448910
544296
49369
341670
778212
346008
633395
395689
977126
269606
364540
128539
365570
193234
672387
860381
225795
363003
279726
141896
489029
401302
821255
310865
978186
523290
531516
552944
294139
764131
632692
259401
308428
682061
601071
602992
28070
234467
515033
5196
20425
879574
650087
385995
72808
838826
762729
298604
201829
42455
956852
690858
443758
778107
1723
938296
817749
49591
7592
111888
813723
640284
887641
638503
838698
5065
241495
383120
239532
756528
904668
776309
152454
554755
162305
225263
393581
925034
40219
111762
967489
997071
802620
927599
291530
320695
382247
109279
370287
906192
737519
700362
546476
625160
855217
385174
630225
96712
284646
386109
369592
189314
162419
522047
744069
841076
263662
654002
282462
303881
765764
766303
817304
84736
210255
108834
405432
108854
734465
292071
15046
471984
992433
561523
613496
847650
463049
760074
460714
264048
146183
346658
453362
824954
868705
713784
182382
648719
884138
464844
952600
649903
231148
769904
734639
957755
395090
656423
66609
129555
948494
81656
117891
457279
159531
247740
821281
138932
7814
281995
402980
670349
145006
372695
495304
530063
86479
677686
178783
970617
658883
131383
136872
406383
417640
387864
364138
812730
44287
947099
458638
992782
545107
92881
450061
704638
856973
787695
359923
864787
69690
279255
535137
731048
651950
546793
261112
254781
740831
439895
225399
916066
87630
878623
322449
505270
266487
202939
834353
310775
666391
809343
303557
211498
418576
269970
432489
275550
57665
792412
140337
643708
71667
191826
374756
239970
254971
152220
494751
995803
592115
720150
428221
679746
598774
750671
701368
381613
469962
535721
692388
136353
345064
512297
347852
279993
782268
296693
555543
356285
89105
695880
999993
677124
404059
891102
917094
659030
43322
928198
171185
635438
648348
599407
831536
763474
866430
532904
661440
852744
584978
353828
505450
446394
866126
853302
726387
648394
666347
281930
521031
755452
494163
521025
948928
898222
928479
866023
73604
971801
794221
244790
123591
958921
360549
471479
238748
743331
520736
900188
596075
105714
770368
101525
552108
636494
471179
794848
801240
137526
76778
322272
409330
87293
359649
358259
985515
288128
740634
575472
776281
51207
336614
899873
526480
697163
371352
281580
956846
892088
698120
552921
514154
468489
170799
582615
621335
158330
377463
422576
812209
970593
261200
221539
57887
620849
96150
559754
425329
353136
135226
201610
404343
471840
101483
447176
685355
989188
728756
642201
397628
426877
711475
911783
411718
398626
494398
33053
556956
388213
455629
369165
358806
233181
107057
416693
854030
719559
976448
279359
72696
111674
480970
993391
99867
98805
440567
785222
604345
685676
427424
518326
628905
655251
430109
40623
53877
440859
73676
610833
345424
45658
496351
704230
278839
119760
637276
649222
839319
613724
444933
912015
241750
442255
905407
857969
57413
862326
643192
661758
548002
586968
180084
176907
242219
126545
217530
296096
83756
807559
423281
429180
369569
435984
133411
164760
555744
770687
813982
395064
900763
775268
823431
658865
217523
245190
516835
274936
107517
160027
453047
655519
263347
633131
832427
505566
276029
49957
318014
359785
373868
741295
788966
743437
177280
438729
908198
733024
725768
238532
644440
626531
530152
467872
801748
747676
229414
318583
538964
336931
994962
992011
992451
258309
141495
824878
763875
933876
391187
81889
293661
765056
339537
598979
24845
516817
37708
449395
766193
279828
204280
926986
906359
734432
394858
708108
482108
624272
543043
21073
477556
538006
529436
470007
796315
187283
811237
560191
121159
202424
158432
414821
483832
497969
530152
508678
14786
84213
958073
297332
364041
678705
224318
786753
413138
135528
11213
895246
276152
554256
432671
753708
92262
478460
223715
888578
665743
551304
965121
786903
753729
123553
201724
753913
137875
731876
262591
669013
332441
737017
966345
696483
415722
190663
483236
828860
842543
494449
240459
118696
565057
189482
388756
657320
667942
128824
62250
333686
680128
27371
120589
950209
667276
838665
704123
805151
86893
483066
474165
419335
220083
956862
115818
152158
663878
115406
497370
506421
126207
254181
141469
691264
443664
530226
348584
111606
659050
927186
961644
855530
470909
82233
805740
138186
920898
509863
459689
7792
992929
450206
427127
729365
407069
59297
397875
70947
691055
411597
93720
817262
665779
235190
508526
625795
281768
373463
253753
457170
300649
215398
312700
287911
297631
634792
426097
734882
144655
402138
259026
653937
852345
686153
899654
259414
261802
297529
846713
952857
709126
940433
770119
891257
691975
794997
33404
490095
684812
287158
947265
501814
502556
776318
789725
316539
411110
215822
567773
555766
617960
826799
726055
986657
29304
625709
246071
291106
923238
609136
760315
148716
549570
46786
556326
757897
841784
589730
247993
42948
876888
195258
544762
895796
487928
334487
728688
899039
66661
296461
454805
200974
123261
180860
187631
152565
322921
433703
960024
246159
42839
236691
911227
108761
283478
467553
383011
641614
573636
631004
684562
450524
342614
229325
862673
830543
563812
107713
729582
146826
404174
700739
347800
43787
397951
535431
712705
720872
485486
672729
483383
528326
909420
394610
153439
709250
378516
536450
350864
952152
683806
551779
919028
542773
781104
298053
373316
861268
405766
619250
8094
809941
836341
355894
370080
234292
407678
82785
471516
893164
271866
954899
937842
697639
865861
91282
406889
244377
144084
274106
712881
827891
825885
148262
370664
606989
446315
260332
984609
852082
395934
509056
178375
232275
381302
548455
982919
788980
147593
454435
682145
419459
925686
136339
117098
791547
227621
40340
552277
888058
314446
265158
232301
140331
413420
119317
263672
376088
896001
764633
744522
291935
273689
922897
40562
171344
987704
23481
960324
135297
477916
158821
71109
403602
295161
188207
711501
39134
744899
263778
443544
59345
528937
675845
716028
458709
795162
496052
834797
207515
777038
579319
499450
567079
18568
540012
738423
522625
563493
215100
174274
557761
373921
245383
477715
185434
949943
189217
740921
694842
452995
184465
270540
498284
860311
502920
956994
171825
515325
308143
379341
292363
403815
395143
859442
422383
935156
597866
461360
15001
812966
635635
89115
703239
881018
566830
405026
830961
756047
145947
42156
725395
330412
312696
223679
707075
331968
180673
395253
847293
5169
290946
139656
408984
686089
999099
347719
137597
113317
809080
152599
442635
444715
241714
145874
842085
324896
550900
189399
80944
696847
231555
806339
543612
60603
546370
767039
392571
243396
162292
239865
248565
453238
379521
173901
655680
894972
521620
793277
8289
847052
462228
450924
808119
220294
113151
166557
545191
180403
355956
142487
393603
587511
465178
937215
648114
11548
220606
557037
254944
382899
796902
19861
352489
176424
193762
524521
587748
231735
317799
112390
595139
296379
79666
919611
516674
192817
86168
61865
373221
442124
204352
283176
29635
185882
220391
194101
197430
957349
751138
968727
856600
64393
988588
725442
757169
698703
249963
344917
446790
567762
457307
558281
380494
536974
477892
897168
246143
564060
959033
619364
6184
679737
902540
552171
865619
639283
262624
579401
112985
530115
548128
969585
594508
53069
695027
351677
268124
944991
212946
714914
29105
670254
273195
409599
723580
267440
306767
969723
831500
782152
105440
354037
978241
524332
422560
360212
679968
685185
455966
792953
215300
520446
762538
326160
573515
457566
194189
357991
918909
407135
72905
464366
77389
862453
873966
317321
129893
697085
287045
477745
995590
908837
831782
490183
433169
254343
366748
113137
455880
822714
906090
187532
343160
184981
513692
433028
158899
707881
791019
594160
115016
380277
58526
708758
242730
932492
542431
888975
145930
829476
883072
657872
738313
231207
148055
687835
485550
514803
800972
457782
337517
223415
645314
197030
924748
675358
630058
83647
899591
421077
677807
14607
801354
252685
239717
560436
185178
298501
965763
847460
127977
848836
505332
382643
80043
169739
586830
81945
684543
387802
56079
538412
127569
701393
735442
52317
376751
881852
652316
276342
302930
846475
807301
620636
99161
563371
181073
800691
861872
146836
648151
506201
512024
669835
405196
108419
839574
992026
706716
524117
896181
762795
578882
23750
980540
314324
592420
357291
712529
244736
149985
15459
91212
473639
636095
706725
553362
333520
507416
931586
996709
155567
954139
508733
825402
875688
133505
664976
384066
840221
705446
280247
603017
284328
820350
583557
115004
929122
457201
827533
690210
123538
359344
297774
113529
511792
4499
183243
845312
511915
631181
842021
183834
101673
867107
9236
977361
612
190565
361427
840833
412363
158027
960202
213043
494729
60112
844399
423851
517313
188285
114061
157203
547629
411836
270733
575773
416335
970328
421086
928251
601510
779459
112085
703183
162918
637674
680544
163530
344591
558323
520716
273306
232702
997270
486349
727431
57382
330748
151282
91047
35385
265344
248251
99367
193532
35336
675140
609867
5664
612578
54470
607174
392038
682908
826709
554956
836934
23605
234839
697877
581929
271907
971183
330983
269177
457532
58415
326560
304632
726049
417607
340018
991393
182210
955737
701277
217546
630877
827497
223211
243456
398319
346737
151846
81227
173447
223154
434513
713404
457993
132390
811685
246252
103573
142669
515430
77457
201084
358342
382090
927133
775949
238460
434879
958160
194197
652508
692058
341426
480005
431621
101234
878325
778359
253080
475904
468158
992587
910418
181562
450580
42808
509600
213185
662734
652269
728615
256543
369705
86957
154985
296838
379258
393445
248069
853770
103994
900578
545829
961773
896935
977450
63007
775260
272161
316088
251165
740319
308675
677935
438234
275607
237095
947834
488792
899829
116455
733759
156373
486160
820716
311358
299350
199975
221156
63772
53745
841502
480702
115926
803275
377637
93377
866283
152898
365538
698723
920415
622210
523750
598350
576796
799357
835445
40982
804502
251627
157437
538261
924352
159949
875330
752062
459299
591657
973218
39423
161754
331073
520125
277681
134348
897763
371058
516983
567013
252948
732058
487428
875158
255808
602130
968306
571518
437575
9288
892372
689202
166725
430633
129906
843026
822315
881969
818678
413972
855187
858101
575727
702612
894579
853408
353313
792342
740818
870296
359355
993766
118707
363135
385277
374515
965265
353583
946033
919192
362872
838405
124747
45949
785391
254653
405328
124058
136622
224006
538031
508162
598459
630110
210774
493038
483518
564087
285380
740688
950736
161087
250806
69443
40574
636083
960310
522191
506019
422696
441384
385243
777453
82483
947544
562844
337136
352872
203255
990111
93230
741286
498273
691690
371396
225399
184728
371266
305839
986461
111954
772927
663900
879112
358722
220827
515196
319032
743018
21215
741728
700754
922810
519182
783237
870354
598378
120374
223227
801633
110485
316457
59271
125110
524499
947019
866861
225580
318285
172700
212041
946591
945627
392293
825704
304349
613120
857252
139734
872491
394819
881462
573245
317629
916996
356483
704335
515375
993209
443914
833360
103694
760372
892632
745156
801223
839651
612017
26803
674289
301070
755196
137232
246697
147490
479288
67399
276962
852892
207133
149453
247711
604947
722699
81692
38296
79182
786028
553671
72391
229942
903383
692437
506666
312367
953945
307890
668371
565962
851045
859012
867032
606242
996244
630082
270084
991885
697481
547046
844777
420966
696500
92489
542265
419199
690533
580561
14733
476561
650584
87124
222856
553968
295913
245874
382687
249858
553764
51058
332172
921162
910070
199205
527404
422667
345639
797488
414552
559472
860886
259329
980438
557386
868170
39055
492937
558704
619617
507670
551617
786553
111146
290825
340521
407059
536700
239561
173269
606816
290619
505442
527978
200690
220999
571734
623357
566638
885574
554261
126110
746461
813590
622900
820199
198113
661955
313137
273169
797924
820807
341138
584478
448306
631964
441351
371717
685016
680912
544987
291832
971532
50429
336163
688574
271428
907897
828283
354418
309824
382544
480528
572637
712486
619780
392836
910599
281735
222325
700120
596012
559485
41259
180490
7791
189575
621841
379508
874591
302754
924495
166423
790638
491276
502586
479212
279056
926836
823847
633474
753012
206391
630354
325649
435229
250134
718485
345829
48222
457163
562301
644234
16648
603560
341076
24439
793135
962917
403947
667726
782023
844795
350502
572661
852423
853088
568225
131480
296276
392072
281306
49288
114815
428013
891289
550045
194499
609775
412226
759073
66938
974527
403307
599938
94440
260735
624377
887575
223653
544676
71654
522028
389471
422156
611042
241895
791596
179267
889727
604225
87692
687385
653513
718859
631750
544803
268904
826250
670930
197482
585323
254220
688362
504983
854158
782802
765718
994887
186729
505723
539563
774735
27752
445387
196891
638794
203634
504840
334413
93361
109065
938457
297098
278930
657317
928849
340085
442573
755099
11015
640056
856774
781587
844770
361757
152097
627572
127476
146984
330653
633199
202900
105389
660951
648287
818632
816097
851921
839824
150511
461634
948889
605320
758732
227820
262637
203933
84257
705211
959032
611625
861619
815807
393212
706389
693916
61662
850313
821392
724998
697318
970944
927898
319059
148247
576185
137692
964345
428106
977516
631208
406092
442758
236528
164825
186930
15518
368758
271187
237081
844143
882812
98700
176302
792377
321441
386570
854039
688106
724315
95389
385424
695259
23288
704484
843506
115825
358528
324203
60284
852396
471763
466376
295154
224644
147553
998436
240162
32664
269624
477243
393159
668788
92295
569461
461165
930088
472383
831556
618194
196698
926946
519970
891957
466586
224454
251816
582411
99334
576019
642695
951731
564135
109072
763237
788779
256625
761674
28941
289289
31298
22536
682448
216438
114831
768261
193956
44919
240645
25512
179465
437343
468810
699435
845653
451748
440242
97469
34160
539576
189840
676855
7659
753975
302279
770897
542754
558905
532571
88047
364546
80221
110583
563347
296659
741766
847960
6967
786685
604957
548832
482502
42301
17642
698290
404306
985743
138532
501775
19903
194460
691615
696758
718472
961943
515390
489369
504697
74295
538292
592745
955193
618513
219680
34892
431524
961447
882853
954844
264484
487810
503676
746987
46463
37670
445277
450769
23413
100161
468896
43316
810973
676864
256427
529445
638807
771817
18814
659856
362464
557106
768953
834009
691971
988634
868902
639848
950081
268107
594692
214565
272269
614720
477904
318733
652390
439533
285854
675804
539694
271103
235472
350668
947967
491899
880113
103126
780068
898928
279334
658884
972386
48288
492894
180710
36922
361796
336910
503355
146255
447954
717920
418524
62674
712177
253609
231416
151710
55816
907220
691405
326919
659045
42073
791238
150944
438538
410716
447365
853818
690050
106249
342557
738338
599143
523267
291612
477291
376529
794967
623546
824483
29240
558423
403509
741417
812032
634925
893127
384200
58498
100884
711119
717543
659309
18709
384839
97848
945777
832204
468018
635828
454806
810575
890518
53949
850194
698483
47593
226723
493450
187491
567558
39042
745914
971067
296811
74299
605993
189939
458499
180843
807175
685971
898386
466485
221032
283225
80685
166810
631782
548703
318990
86588
359279
209508
656889
725825
907991
704482
952549
917794
408326
36459
473188
670592
7527
770000
261243
129872
476291
236095
310715
283466
438418
725453
266303
659450
8678
346988
342612
156812
412044
661602
243400
287675
387463
900290
13500
811806
121124
482401
729600
45802
518861
202789
716395
526388
489141
977638
172612
965432
213733
999679
248898
652151
725132
515202
827954
250162
378542
170566
406975
790586
348521
166727
78261
735984
583369
91762
547790
704494
574163
793743
266648
93024
512884
499395
135764
2025
477034
824728
967457
207119
824407
732707
375623
65891
247909
719929
316054
142804
406847
723029
933390
755368
889756
11652
491352
473126
619766
555495
693972
193929
349238
476972
803306
378474
976368
455422
380499
969754
796503
864308
176873
620910
597015
68848
203154
361277
305129
519208
504081
711977
758589
437471
467345
164697
965475
475050
154175
585241
30545
364499
295523
896135
841472
615181
790961
817840
586955
171460
787594
383458
552120
480819
520721
149135
66020
723875
26764
371149
759435
530845
83126
518024
484669
66824
199073
450144
58226
353249
551738
605123
717748
847261
501258
75572
978794
292219
893412
565749
980031
197358
949208
48503
194530
469929
197638
260550
710156
224403
148051
469591
271600
747530
503967
756269
814354
703040
722766
872580
56289
274504
477703
290390
638117
495313
365962
616911
303884
775727
182660
800267
489437
648220
848770
683967
634501
562760
460869
344657
303515
608921
330600
575116
872803
834567
847737
687157
537608
86855
76089
110249
877711
70144
916991
515828
81809
799306
649091
385693
575033
831752
702312
580822
479972
67434
264790
630826
630194
242011
975483
933710
367284
306084
25178
240087
657003
389267
443596
710963
476123
36037
337565
353834
106181
254556
386015
704342
53862
35106
606387
145247
383210
308699
726070
379535
376133
507212
10361
6328
749223
985844
456390
116508
808280
481568
872947
981636
870835
316544
692599
863310
352581
30164
733497
975115
801073
119512
679457
854935
670970
285845
516535
54181
110896
758957
433716
487030
266169
444077
9710
531744
946273
982452
164604
270906
464020
37552
252542
851207
870448
945141
230870
739381
491658
964367
714496
292731
600231
910306
664018
271201
712503
696905
841734
823399
455862
275450
826781
722031
235879
352843
253776
698505
335295
418380
969411
315667
972284
738305
683227
842732
199798
914097
582114
691456
878464
812962
500539
995047
239620
680910
782600
468475
377815
624335
291875
833678
416137
635008
72061
168369
504204
842189
866874
839499
776922
352637
155167
749206
90942
838394
108291
290740
268843
206757
498549
663659
536071
999088
658706
775692
196350
441306
244167
574166
581993
52394
924196
998131
203755
996257
166500
707959
354799
549726
547458
131721
902363
218977
397279
509657
573723
505570
316749
842566
712327
815298
22577
764751
330739
681283
540443
527089
638942
300962
617607
220935
869709
541803
735418
73464
54413
901918
781423
409212
967996
845233
540933
870359
580563
938212
896368
154286
960135
213118
513205
188814
544768
535782
953565
875507
733418
10360
918949
888712
311323
536556
625999
697384
594712
361418
770848
649125
779688
68623
58337
747685
430208
115622
134396
10771
53834
30765
681410
530321
760235
710967
719136
305003
763101
189053
696863
12871
199414
132164
901583
27089
668720
43935
724473
263432
405353
11673
428909
701393
596648
487246
449078
26856
602868
99827
553980
173055
130592
751742
219728
407179
462709
938864
228534
742162
127918
441749
755034
843684
573913
172969
870773
758986
733256
111598
538770
138609
123271
967680
840003
236271
971278
805433
779479
90499
905260
333459
263554
552204
601553
483282
475735
580614
938499
704270
322777
582769
662371
594163
426453
236285
283484
813578
511623
16741
925176
50393
155350
564799
18073
511705
801070
989352
833491
580549
79851
255103
430361
859757
807308
31914
859391
799395
612529
314242
503665
451658
897011
682389
45821
839816
918674
329305
169746
430297
346046
94922
480690
17749
176073
15116
45806
493495
520820
395649
590397
117023
650753
20758
493132
974413
569024
868875
773808
697905
183118
793826
149563
596481
476215
711736
952650
911241
41042
122396
341538
903440
733671
338580
437541
909744
870048
999700
403240
907220
395349
993637
540595
562454
530747
33727
536867
99771
418955
827028
797677
602073
620854
463592
714906
613421
175329
667556
524662
732723
306305
382552
636163
39976
237484
590057
949720
623885
589757
352960
531105
501458
862949
71701
63913
393696
621780
117132
9820
40735
944160
807497
159160
81366
787441
874067
694787
962770
57975
735801
695493
364280
118353
848009
404256
872190
954418
353977
496075
544175
223289
27180
561985
602591
615233
625898
996287
237014
743031
6107
794101
203543
329956
953262
284910
633750
827329
496049
596520
885304
231851
808366
765937
866556
172727
170193
738746
127145
40522
234821
187672
263812
778354
749657
866403
909939
891908
379042
146953
151291
901502
941055
354834
747810
410669
639744
381560
237998
135794
494433
639654
883997
302799
405591
750553
991878
92137
5652
119023
132659
756825
306695
396471
535179
572704
779226
961471
464612
674621
108424
615903
92475
565831
970738
840285
976500
126834
738198
730850
778980
232631
886857
662977
51782
808800
929883
43660
900937
935535
679035
33597
692360
985730
946420
743892
74786
241999
705363
539399
916620
813787
155302
9095
895971
642392
365732
388823
285579
103930
636026
64559
852913
39235
243889
421047
848035
173772
981059
748973
109307
660094
782570
801667
162176
728990
61911
236963
970989
767274
776362
403961
97414
448016
929408
509737
606761
295141
898560
892340
399071
50938
473251
768337
90173
717140
189384
938209
407264
170444
203534
516571
346890
986104
834591
509067
231446
896502
262382
718788
180129
555096
639101
277543
3112
568510
787280
609873
863651
202192
18565
779074
253131
491817
547411
343304
725309
253148
797865
132574
939944
1399
165497
803186
503855
516440
312253
251654
929295
90987
970442
109424
646083
609543
386967
649196
694405
174247
775421
558056
376439
310339
853483
629570
318508
400894
489227
43817
170394
803444
692743
626690
321196
374593
429877
825051
891033
258482
593057
820328
349470
563499
446104
995553
689395
833071
161101
900152
7318
452875
458209
900110
763214
311692
46032
598074
228938
51611
158243
915685
371408
850987
542375
692604
741932
488604
34007
632965
747087
627065
969646
612909
706916
415750
124814
912663
248822
285916
812816
772492
255143
787377
188954
534709
99069
234987
132783
844359
286598
291026
760044
658006
658365
818772
866962
400297
307376
900970
549615
570815
44387
35613
183724
751303
451363
308539
663967
216537
110807
993135
505382
365950
780512
694336
417011
879581
445675
549794
240292
248626
357172
337
422984
531890
335461
289947
448539
159189
707269
998154
730005
751656
33767
430081
502959
1483
254972
683278
734372
365779
676413
239754
248081
456925
450443
665092
852858
896118
731238
93151
144744
88411
609840
567729
136653
945301
857676
585192
104490
81297
583347
350847
832953
133466
780929
335912
651301
35901
19191
385674
918033
695604
625428
166114
668882
75871
347559
521740
488342
78797
614891
633086
683560
741083
717167
820213
686384
91195
921758
307227
172492
505105
174426
5445
154923
471707
341358
806225
507609
876901
191899
941994
88857
333679
624460
757739
925903
972019
795832
414245
567169
410723
563683
767081
151807
280851
103647
354543
372046
25405
178122
60891
46862
352549
66336
201785
824256
924046
524362
848217
800947
232613
306563
406157
566293
931024
680248
8548
419395
476080
939145
502916
403156
502828
269998
71315
300031
373645
942210
188430
915402
120333
249321
962264
989234
315657
680401
329842
756056
204764
178060
73355
437377
975
479512
520022
931999
676113
44922
351395
152193
984067
854311
555349
3248
640661
143016
303279
530658
85227
491709
446060
721912
257382
924676
711146
89392
605078
40988
845448
326194
735400
918803
763571
736376
914668
799946
668375
590781
844868
536122
259326
345288
906786
331028
348536
547447
474044
651815
594458
75623
659877
40518
797535
917259
965195
508681
6651
86625
549670
368451
412819
801422
287255
692742
537798
718275
492688
722526
825408
853909
775000
84734
199197
681786
415762
64085
745586
406159
715900
340044
481782
892129
896914
279318
809389
862109
787999
332392
465086
854021
700844
877905
655444
504451
570648
709594
222726
579688
948472
564486
433597
723473
649220
149146
921611
64983
213231
667197
471142
445484
7241
469276
337613
420508
748594
663354
282617
536594
512099
747704
906967
212943
141961
562411
233746
712609
788358
972824
292298
736830
537310
242247
460303
186530
907746
381915
767865
637329
565464
755359
82813
89058
224636
936779
509566
973230
116485
308535
26176
628584
572591
933144
357879
714553
11907
591625
427162
800265
564449
235812
537096
101759
478060
513751
804642
902158
412018
572507
539487
977483
844219
138653
66541
68855
75432
576107
558437
708269
400994
584614
853206
973586
517758
211085
688139
46017
802711
631653
846283
367160
383818
899731
985272
378230
413482
789914
280388
825501
878773
819875
319336
722992
958528
385877
308199
550312
478336
866637
258582
879330
451251
628140
369268
485361
839225
573759
531378
641936
721765
894013
525449
105583
793744
510721
483813
723579
816987
764201
549080
695760
100428
868416
935105
58957
770645
243304
125621
765333
109941
900555
161015
77544
528695
530284
79257
367921
620395
126988
526209
342160
537353
51658
964095
331098
78731
447908
54677
895718
728461
120109
107831
345242
504877
42936
920551
791874
286240
46172
557207
912534
463080
718222
506430
991775
764858
102040
876048
901606
229028
402258
243766
766381
453916
207862
613831
49000
172122
184860
944718
416936
304969
568901
762178
326198
611837
199081
118072
414430
245253
191631
843316
708333
909854
349746
216461
191064
451786
92509
92670
197166
494767
852789
479900
465036
60651
93731
514036
749125
794944
975106
166061
99913
544008
444591
942464
672197
643672
60536
86627
405278
252168
929943
629963
678374
796042
846424
385790
764180
455286
478461
961347
466405
847602
957599
447793
908253
567682
478181
173730
362626
453288
856144
978892
513648
817087
921356
185845
977112
498244
272473
382390
750412
718768
528705
428786
31162
891482
330929
795343
346768
809390
273042
329525
173344
230641
777319
81597
314675
255500
771679
677302
708788
627823
172546
222436
961263
93902
924634
938375
592146
197107
837117
858911
432227
365822
804049
463390
257304
134978
258733
604072
460720
531775
933598
634064
278768
227269
232013
593443
482769
3693
787097
707910
147868
959643
930346
109131
569897
854980
563858
162044
568439
400975
20955
517019
766798
825004
980409
24102
476335
755494
144527
937055
803621
594477
571120
82389
821746
803133
192184
304515
323178
979282
12425
987399
455277
459124
612882
25175
830456
176741
187219
915248
577716
724526
432267
344514
65882
412676
884969
58569
168170
29496
995625
488143
140325
83097
570532
962071
402582
279068
266586
725761
774702
795364
713160
229980
254488
842394
255155
601296
19135
958726
516544
596852
199604
948811
457718
781838
877839
859039
840408
562361
404887
352385
50504
545212
435482
137388
507283
838064
416457
290222
80177
191159
85586
309689
937491
856426
152084
708998
457722
171219
184076
974267
284423
900032
439430
742142
681871
317270
601181
38631
879631
6069
391016
930136
67633
826498
67524
574917
180914
333
381491
261092
707845
467077
570781
645336
839855
722865
354335
297577
894085
54763
788196
694860
954796
227627
437002
636667
61249
554536
191650
457232
76957
582666
903720
144590
409164
487597
235859
590078
487930
617350
367522
195775
600779
938304
357464
440634
177521
711799
738212
71606
282914
42760
282819
237710
786739
719821
390729
364340
790709
582379
821573
384018
165045
725293
528609
90561
212890
280820
196992
217173
898171
564514
929300
498950
19170
286764
939585
196692
514915
194149
784650
797830
753261
67469
35540
540001
303643
426270
904341
94352
8649
242266
478371
690047
967560
523332
296960
696802
804152
493952
913975
218675
574819
843276
717626
593989
646392
173563
790681
161308
884064
91684
959138
637325
159153
994678
693678
462796
937300
114372
73501
462302
356638
68224
152349
324198
591556
449309
537353
912060
459614
967680
130736
34433
327308
364714
144774
973701
538277
451808
135009
938693
543492
94147
576018
702645
605177
269697
681794
542478
384069
271647
4780
740707
339871
673481
581258
447779
639142
634963
359839
98756
602643
6927
133189
929952
371641
277964
903653
426270
246124
555014
364963
789616
649161
940982
8613
770690
727031
690407
829520
627452
962054
350652
884511
818277
24133
982121
266056
663276
617084
625896
278384
219728
632823
927926
666032
520817
205890
569685
947087
452014
124699
312051
757982
290212
769385
766595
577254
12768
457003
406775
640220
935409
757427
41083
753687
297913
23205
19743
477541
640289
161991
755925
376369
311167
683851
42401
831984
406093
128438
295423
374459
769489
123826
132441
59701
893211
415389
153308
422331
388744
560083
62551
324153
833862
103635
594192
131775
643192
130288
125668
283481
292279
397946
659851
119798
81797
218604
468134
4243
347043
763558
378702
116532
887384
27496
692586
296948
442885
845894
719279
831629
405977
298183
672134
756191
918170
266327
404319
561362
396615
529987
361195
205246
927933
537398
325045
526083
756003
793179
530326
619398
73089
425380
735930
476826
969228
428516
773774
928465
790762
9405
760094
713091
823940
948581
469283
742110
214908
873602
819824
127875
919941
697372
849473
364227
234770
174518
890310
507125
484050
936988
126523
557139
362368
378806
33965
331597
323674
324091
260062
114437
333497
536509
827528
673789
485090
813163
415900
216350
203117
752076
860577
123059
965800
710050
487286
716923
884569
893948
224048
884971
830936
866924
958462
193304
762082
992428
41253
85756
832871
817668
716545
682720
354177
60426
356510
355619
873589
288762
88321
593059
40838
948898
716118
522991
658948
719756
239914
59869
613704
980314
944840
444640
847238
903303
154296
125672
412083
195550
727781
244954
529570
444326
927675
883747
21104
800537
755718
411046
89299
844039
4105
646489
792937
236575
169480
451885
956331
409394
28107
86387
389709
972947
47379
753299
392602
201675
878972
321037
913577
606753
565992
443147
567431
10019
843246
588536
810556
598964
515934
416207
443003
520039
62696
752292
756614
232177
204178
229297
157923
748637
832036
547632
721584
879415
817284
630539
597442
696256
951576
27372
819361
33920
986871
903144
43939
830118
8032
370847
945434
523966
787054
388438
44005
366103
657082
316971
598280
377612
62620
272555
126249
411008
336540
364186
290423
153824
994725
404218
366432
946301
431590
185793
980222
934813
88937
540513
764931
613322
427713
710366
137288
214767
615156
697646
97222
272238
530969
211854
649851
593590
484410
776100
4598
820950
140286
811374
974774
651363
731944
341206
597665
679886
43351
94239
614699
648640
151104
379631
261962
578817
606349
915603
309937
737857
613249
407159
10095
144218
619014
176298
737808
619776
468751
258759
440726
125389
586485
931852
776753
318429
789410
890770
998315
832761
501361
129366
997753
652465
25349
259716
747635
631698
175319
573924
885907
304920
497435
896003
449138
632801
588653
703299
252577
57404
478410
209655
699146
64895
141507
475899
899676
447269
366669
897991
280030
384382
543709
794136
36847
569059
570204
300834
200757
261875
874758
86665
566795
372194
499020
15933
4995
604025
235584
773925
177782
713994
983580
876928
295241
641440
352827
194917
88709
235848
92908
885092
620230
152970
679228
173429
722029
765784
474264
439138
27659
865374
42155
594454
753920
57527
126739
275268
661553
878676
49193
839335
592670
549125
716263
887912
190565
585442
82829
795627
337642
692090
680719
474224
845060
876299
647653
83441
642083
638269
522579
186094
19996
564735
780548
773916
622262
423639
49184
283815
302315
98377
639502
411338
163855
872117
299250
354420
973911
898431
666399
311553
106873
863470
302129
468285
256121
466135
551726
898204
104404
74306
84298
640752
155393
381198
414669
777655
321190
463853
577823
623505
78583
733677
551195
242438
605795
366797
113210
96058
265229
779610
923964
888454
643080
226093
356740
415554
692228
424818
313758
312985
499124
914409
953737
170869
811959
368406
464877
133149
348612
42700
273007
427195
292729
824202
185985
898524
191000
299195
510935
972581
595157
434899
861035
754590
660992
734127
170144
353221
158946
254
182558
174422
431015
136295
345292
242975
504702
810169
892476
369666
369221
165483
313213
661950
506038
499198
76827
697038
314745
587762
185971
909903
22661
563358
180845
200005
297486
350989
553226
972784
867595
735784
147206
298611
388432
8850
57938
409486
335371
950414
779152
704592
632250
92365
882895
138288
591563
959722
351678
422660
63836
54001
332563
602849
617359
29760
802854
914845
897101
872433
887629
764697
124569
551188
63308
513001
560038
637598
438839
895410
588012
217991
116354
220262
826708
999249
874902
934623
475323
742932
357284
55511
796933
206199
658360
414293
235960
977567
845490
133061
366352
249472
414110
490921
800660
993770
520275
877050
631368
959114
772460
219381
693458
405167
955995
520166
920768
347250
454790
396092
90182
812074
967955
403468
18273
142668
334113
770585
120235
179603
419999
2939
429075
834109
493860
746087
827880
530487
623138
459248
489602
911950
194981
183060
317117
667329
219578
237886
14579
674368
150330
621113
2794
634637
540933
21068
777305
875046
308005
413892
571002
728004
416831
516429
562114
427044
262517
906346
957531
885655
881946
963485
313957
76928
662897
147427
260609
882476
385313
275188
556844
51995
412653
559639
686632
953587
97059
980290
344985
405064
910534
915987
649421
327366
432417
727887
270762
211286
634233
228293
96941
516179
708131
927250
109459
371028
74677
370068
253504
976342
161608
326701
28337
90614
402692
231322
560553
16103
727964
905538
937519
638498
337878
586940
482216
770295
314827
752978
497933
465412
981272
594874
497944
689403
38476
607403
576783
113154
493824
346640
89496
655432
673341
634186
746046
592385
381860
822951
608488
109824
728490
62359
264674
582720
165652
746891
869367
480479
499869
367300
462244
997493
478526
960188
203248
517002
83943
780032
630156
577767
126672
236005
233200
316365
386543
495598
908750
768403
318550
33590
394579
563392
95949
175605
146112
261601
922496
531831
258433
938718
899131
237029
936211
377657
713569
139460
894659
797512
919492
41168
375280
46164
793525
124832
878881
180068
136782
303983
464823
971684
337573
375754
51428
949874
551359
713892
727828
990208
245723
502613
928926
144854
255994
865137
522511
969563
4597
933523
767075
440441
491043
142355
2957
284568
783539
881838
464636
920322
185821
445811
408358
39746
821565
459787
989621
372924
173679
233801
363132
419403
252766
808410
564257
508760
673548
603121
478323
194497
52996
245398
634939
544039
904106
637896
828607
687645
36087
809595
124319
221908
255406
532678
261655
76971
992465
767628
966247
166144
517781
845732
101899
770547
654142
182509
279307
327690
301982
757630
38540
354978
519380
673479
415369
423486
827727
243976
627484
863814
569923
751803
602075
825329
284481
380082
418652
793298
664062
384899
475795
181843
746983
577694
952390
401126
760203
748049
245168
62185
505679
283708
933515
541411
473539
348884
964898
817619
109212
592382
681433
679135
344185
799860
20816
145019
179942
439468
454669
844004
340720
930464
542199
87703
508159
494589
5181
784714
758990
766702
363252
781021
50410
296767
322433
40302
162004
287331
857921
271216
396065
55706
466704
256602
371919
487520
917973
551861
926989
372643
912218
784061
303107
454417
388116
327618
465359
393298
112333
224349
160000
991937
5371
726762
805056
844156
283416
967060
647839
141337
754629
43904
713396
221333
816858
85315
708853
734832
153528
152194
107475
65746
936255
410582
36516
840724
738201
18227
750374
366886
242576
910374
358823
764299
153488
163879
124807
436905
647292
772646
94594
401921
332902
807990
623254
149761
409657
332107
884593
563186
654
992068
145284
453261
919002
698152
293985
173555
716379
44359
56793
475308
471085
931968
239607
624574
95848
880767
577831
259492
653413
672425
661413
986316
996768
284667
136077
922777
133126
537022
2315
133780
45442
147600
587042
964444
845752
881027
654352
562132
441739
227497
37440
912824
159466
793399
53750
771666
674166
631581
31158
843932
820359
692571
830248
333479
493590
482677
256256
143068
19699
774924
276849
65141
922524
380243
545937
284628
777622
200289
363112
219361
427787
916904
648538
587253
226656
702288
875271
900822
850222
906429
261106
670581
115352
91354
520412
125294
574031
293020
268362
593730
67944
61563
658871
506820
441806
721161
791449
219429
921450
670913
955142
865589
587818
603680
969194
814474
305969
844465
231648
156191
267246
492755
343124
382598
100461
863536
507892
674493
672908
776255
784575
740853
354170
959799
247673
795977
680960
555474
531758
118762
226388
486900
984352
814206
606933
469898
145032
912902
314364
376680
585445
581610
385787
444921
480561
486249
824809
988453
677094
497717
281060
978021
238570
635231
937820
2596
947560
135132
558070
479318
253895
784458
482570
754599
115016
89503
224497
776400
518757
55213
153081
620554
636824
55220
65475
117385
541469
890284
622190
734915
388002
419603
712937
142924
571186
650757
145520
518746
302242
219943
514416
556137
520753
996986
827088
152122
602842
51585
928522
637951
106799
597955
258506
259975
653176
840333
893712
710997
246970
32254
445913
151324
451857
158850
294248
23043
325959
956121
541789
144553
692416
572557
700690
213169
569544
527778
365291
688738
95716
810166
326689
718867
408121
101547
495194
577649
941881
388906
288647
188851
937512
250912
340175
389370
926114
150775
928765
768425
623248
986907
912979
315664
559464
613669
45186
645360
657800
926829
334098
269868
736995
660788
505087
145117
762335
281
722766
220568
905539
527765
409419
843051
778677
265946
748773
704791
416722
677539
473217
556322
180798
386196
871987
740262
516217
917173
385623
690369
844002
236073
476589
97350
896861
981676
242467
175549
981957
481585
396117
403848
525703
321889
246900
304380
587835
995673
525524
520909
189564
515093
77232
370362
901289
465571
626977
933858
899096
528952
140580
259450
765025
617169
356800
178239
115198
115619
353788
613507
113557
266257
17356
639260
104498
780608
943640
208686
292633
985516
729595
482198
500609
323179
368912
918250
305102
995889
852109
204198
41193
509041
980001
806219
642562
336801
984458
274112
968773
854598
887620
82330
637207
904976
721590
741706
685584
181582
950392
978217
167099
196339
976767
667708
35871
862032
102311
857325
374273
470772
61524
415467
979813
557877
221686
138727
411030
722496
412840
379803
93446
300460
978485
730653
721788
700075
988711
923724
398010
455455
418293
81461
651795
911413
265521
204018
773445
367832
61343
147718
838604
639219
563185
818417
197096
301223
473497
608127
540071
886337
987930
633517
703149
482768
880523
424937
699195
869234
865013
97205
324690
283306
695018
976485
194719
960540
696855
484516
328372
758198
148587
683329
397418
711772
18098
110866
529348
491595
718993
69419
377932
223276
219289
597433
706044
99812
22370
405239
969046
403735
18797
293736
687042
713815
786573
398113
190707
999780
398982
519080
757979
547569
202409
671749
775693
736859
782615
305041
228455
501609
890813
122739
241237
626454
720173
947281
726266
742543
868872
211664
146279
887669
21753
349673
117837
324678
264138
308544
324459
663120
343976
598790
210689
62737
270539
986383
799597
53154
807776
28052
71115
214941
150791
312352
357747
870964
775985
84013
129860
644858
812030
792491
48879
833783
658516
166716
158461
922654
991613
999272
102127
335589
598062
312816
398327
868601
815551
197924
438108
139680
225976
509223
870973
893119
337928
228721
764084
113913
829086
410296
275123
641116
202787
324003
991251
861303
7071
666065
300309
998684
665337
402436
850626
779752
231605
248953
648353
563508
446877
602813
219540
189205
112037
606866
82324
449965
835587
362760
80230
181025
773056
355354
338494
492195
195709
846097
869850
202780
512162
170160
717817
693852
88948
568443
473604
836905
817396
638309
400414
780625
241123
136306
486182
869512
743172
568506
835829
95111
447619
916059
276137
220675
271413
130983
229223
983474
977080
99073
186255
489243
785585
420424
699447
390886
505219
173051
227791
322615
811360
144557
619592
568835
280864
105774
438347
24036
190632
274176
635500
638251
706588
427989
375279
494353
558972
604502
477828
52404
219927
180435
541647
5513
600859
757446
912751
106078
930497
140542
945045
258210
285100
80989
343397
565964
186763
781745
106352
377395
572273
741852
531999
795213
169841
907278
289567
245165
28132
767395
297570
248059
947830
355569
769924
65041
113016
682675
687471
559865
823218
148868
818075
624670
229857
677825
190634
932972
459570
813338
826719
548195
71543
358718
343409
241384
782348
149328
2902
810480
916723
300472
58540
380905
656041
828464
962298
769057
27492
166121
845275
367062
314989
663350
991732
544846
341175
698718
994170
317097
512056
820889
381645
583599
695960
241406
341336
478308
390734
860590
288789
823809
161062
863681
721066
333455
208497
199716
618865
235989
365837
464140
603051
680826
643842
594783
742024
985018
809853
736194
818467
321910
73435
716464
421861
769395
474222
279549
764056
381308
140139
52845
205117
817553
432878
442535
151009
641375
642251
769874
877365
8088
234014
996768
205266
394208
107904
463642
895578
917757
199836
714046
756019
789624
946862
694233
75371
421085
490134
839427
802393
630274
408624
523863
964179
841502
966398
115188
482878
125002
401414
876595
649442
151780
873363
854709
545989
497619
318351
441567
415377
34540
671965
687748
340516
135180
381981
415887
72617
872116
255315
875010
18742
663939
915225
982921
21794
397976
614462
21024
522978
532228
897619
688772
200361
287334
59833
746350
784954
378185
704269
716683
929077
892587
404431
269593
544119
302765
685480
616736
691233
457147
491746
709975
637439
923324
209248
659233
321300
340062
680257
360630
388643
94228
49402
589004
381562
109236
851706
682868
3773
72327
915903
449202
964914
836687
718795
509033
139452
920627
125769
830685
894127
133868
57012
531566
573544
266260
707151
411196
122675
387408
771826
511318
997988
337580
100322
379550
963168
952028
578771
966941
24355
11026
932495
505622
847713
167642
531007
987165
88270
173129
334202
982397
823349
391214
30315
396893
173827
737466
808089
812854
641226
96267
324172
639214
433847
940846
535116
397016
409226
113887
880309
949933
124914
329157
455555
488979
496799
502915
992497
585069
676044
326699
83818
499393
234266
114133
412638
924445
367951
220727
737299
9177
316994
577823
648391
267193
518669
183508
180561
444247
813747
577223
394180
455013
906380
366088
460345
403179
869003
452842
504601
61399
295893
588419
77144
46511
218905
489782
970956
586856
226861
224607
112386
60207
802430
760777
843752
837451
460637
24314
281698
790737
601537
192231
762102
24269
558319
222447
427448
943674
675289
932049
5073
487535
36821
82217
534046
255726
88351
505003
358934
831564
245962
471320
891771
564745
748450
735523
402196
725439
276189
200247
32528
877726
392478
794631
901995
467149
17078
845796
410823
208720
777845
932248
696255
331018
14465
230301
103096
619168
251656
462031
450732
497619
449703
858855
62364
714505
594378
980912
439945
870568
697511
472473
264646
606341
783456
682994
73490
316887
528790
665
41959
822987
932913
738214
670358
463730
484867
773454
599250
252876
751837
49982
266847
201541
908837
845563
432398
19568
342827
388695
406488
40339
377521
187486
646680
160977
870480
236523
477864
915622
753540
519823
254962
202806
774389
925320
666536
775609
698774
782139
28485
450612
832121
811684
168505
257311
657247
600903
276879
74
989599
199719
40413
367120
387205
203446
44449
257686
956321
38666
689660
226213
558489
944622
429019
849231
386294
611908
624840
85069
394047
169677
52033
226168
981361
736890
999831
638608
337793
793062
155034
843744
992781
711800
727216
379987
915246
771666
154025
387919
326684
843685
614132
885173
304660
559504
250756
690954
171412
875596
292375
565459
45273
344408
307979
542986
81298
824163
697946
935444
617225
852981
295540
610007
564781
22757
506346
996379
310775
660371
900650
637459
504056
31134
38984
325068
590638
289741
16023
278402
681689
308398
360213
243315
169159
184545
786301
766809
8708
484248
702253
625933
853581
514146
752292
418362
53255
258638
931093
880382
919009
831743
34193
939418
862877
73177
264486
969868
879270
796861
248270
560960
621612
608484
804275
790771
309381
106928
73932
318089
107528
292538
460374
961109
806684
212667
895823
859939
471305
343268
740321
906667
175011
774514
362437
554241
364043
143275
40461
243314
940137
288731
320626
78101
413567
641253
868872
722948
748181
459156
557389
372062
751694
17764
849523
558378
230431
261699
934669
218088
604967
191342
641107
296331
482208
3544
850572
846252
663172
891033
605918
119661
696116
926544
197762
626036
567797
582986
348984
832330
42142
906374
204392
793837
924138
570268
868567
670921
831967
803237
405361
436934
510931
46469
733265
993140
566365
100189
839392
229537
507574
961662
349198
720043
888206
546960
346079
972355
129946
211415
321037
172089
634141
41782
482278
74631
612050
350845
745552
444017
670434
150914
397303
181366
713735
646921
174506
280100
747110
530250
509638
771037
491912
858836
491080
896470
922149
837159
385177
568447
48574
222566
740536
682716
264348
739166
757347
392750
606364
19252
836767
276798
686518
750423
974516
400253
397344
149022
680353
144454
195624
189991
431843
687536
565180
922923
100358
3681
760082
485535
572128
325009
224454
829017
524077
488802
568183
797776
881553
174547
817028
234672
967698
503546
501447
942214
903799
898791
607589
100505
559598
803213
806848
991441
7102
372028
914365
107460
375709
190799
109348
464190
32160
333802
293207
556237
338956
861390
354014
736861
552290
687394
487886
519988
190941
989333
978554
611092
888125
586143
711597
964075
905709
34798
955516
912811
406826
386233
536623
298888
577033
162323
763078
609193
496125
572637
681783
351434
434027
35797
88295
502669
239543
576181
539009
430484
565515
517564
557929
969992
620059
785878
934067
525768
820676
889583
954931
743855
792169
7907
559095
369202
170230
838525
494747
182708
411162
692882
534142
361541
728679
138789
864211
968223
231323
403220
915059
796838
437136
989340
283182
57196
775219
217249
99316
112247
623184
570600
372454
931705
578507
931549
300907
265089
286426
312007
447797
213940
4889
498291
575482
249921
153433
439693
734496
384756
359265
165907
697946
796402
155248
981128
369950
446819
714729
985618
75418
854265
556218
447873
785971
651077
895774
603230
916167
698553
431589
880316
912493
436479
894960
487975
202752
48393
444020
453600
433149
319638
619507
131095
116040
291107
628575
2342
254278
343304
987960
329697
197569
60531
293922
983540
227960
706048
103123
660479
404601
534712
57148
317095
487543
952108
321422
690295
501
765443
143895
950002
85081
279755
597449
717473
87214
226024
719815
341493
569328
224127
187542
283249
801010
481464
783142
28971
703864
886265
205802
108466
937329
262950
941913
424873
215058
263335
115168
731911
28778
775416
681913
630211
571523
795714
347684
658737
21738
583851
516582
107418
324331
704124
907020
125341
701940
690162
670664
405805
92779
876467
30623
30108
139417
972536
454981
870828
235871
86502
602739
781002
378270
801005
927565
949793
596719
275250
124882
134810
375453
641465
242228
699784
345589
149248
341478
563882
355762
12142
486039
448541
404961
516662
995002
544379
5550
966335
931559
241421
52837
534298
538775
431107
851655
466341
897252
964727
257943
22135
615889
149748
663600
858117
365885
525541
523718
707363
89423
879480
235857
91814
844374
640819
124828
355728
701550
130378
322063
633109
888152
374901
683759
426927
322360
51767
409620
219613
16494
667563
758100
632383
817312
421700
6852
183197
463593
530570
406912
553017
926403
642769
161183
287129
799940
286012
642857
501490
932742
964920
650951
820894
856173
334711
764174
694886
386478
173794
430851
919324
357710
188951
68059
691374
127003
74911
390923
590596
121834
797835
659965
564589
956956
821149
851718
273249
623513
10927
774739
556255
975847
942043
377150
348373
276754
657676
43259
179584
831470
990462
98908
705532
179413
683319
396906
306416
274582
787829
897012
396416
102016
556978
477357
58973
894479
845427
332222
517992
856354
623313
74247
348554
565356
967749
696927
358462
625425
256538
538046
973248
763352
153306
678780
942765
836625
592039
765533
111208
379868
178897
23976
998237
252227
501334
57210
146706
346761
905784
664698
203116
45449
255298
68022
610806
223047
281301
969268
364825
54191
23667
854425
817543
176973
49557
276660
13599
641596
42193
124807
537817
737442
665135
536054
989670
166469
109616
136376
29583
15400
317427
749051
60849
572725
817073
188007
312124
98374
673628
193301
152565
697295
47726
486460
874268
97284
763120
404219
255232
321665
45378
309401
59107
710514
845455
48777
876983
471423
701506
906566
486823
535285
655617
64025
108010
989042
768384
936486
87416
442012
646140
756333
655659
693866
242793
529928
307502
5913
450499
562735
327578
495878
872136
386686
722744
233944
951815
116079
705367
169673
22646
708543
704958
194615
288920
329320
700010
57304
265807
787426
15669
911947
60112
671328
122165
302905
717608
429668
825171
168108
508755
152749
180338
897243
55787
903082
131187
523955
19161
352907
693628
558159
61450
398587
269127
866722
727907
969137
924026
510066
272915
939695
422013
333027
611024
60531
152285
844984
6551
977456
13092
515306
130205
709782
412549
702345
129216
60089
226300
664730
929348
436280
739241
990798
834867
8368
857520
79127
493857
297898
589193
283125
753946
527559
616152
364970
588090
768437
726306
594641
745893
255751
626299
392451
965533
555200
611148
94750
131641
353800
275832
60989
790080
15073
568139
141300
23442
942011
220427
33651
239910
325972
316776
993856
369883
449281
875178
957973
217718
601484
68966
479964
857235
211617
388767
339121
766818
999915
950223
414811
353715
226055
475801
143795
241128
43940
801447
780922
985952
538226
814574
225862
864199
647702
736070
234082
96983
611248
708408
831054
729084
293726
311018
586320
505344
699785
441793
788514
216052
392016
203325
569767
618071
195478
229914
859199
239419
31362
156474
741723
85940
487400
483937
950139
135102
220007
700574
748438
347607
925334
579492
76691
219060
406862
179363
240756
622999
621156
545622
839051
529524
265300
408818
147595
460778
155084
523147
216549
702798
679621
958272
788739
167021
958561
255230
818475
178568
955804
566913
42527
397490
146405
119219
132903
69619
814934
890011
692618
952443
435634
531669
481967
217286
456839
145915
678064
611924
669062
410966
314722
865035
885590
619813
32056
844152
875044
850531
539072
347200
933797
581600
744691
80202
217171
877594
149822
32105
767605
358792
500900
719591
406814
499220
936877
863653
645135
131294
991929
830549
58612
823004
695584
944202
442817
243992
788354
317861
610875
843779
665062
544672
425379
926105
141227
642550
803699
807401
191007
87656
166193
691908
807248
573007
707480
260477
953013
352615
391771
944942
183164
450383
284298
395100
910938
727116
639092
699292
561329
766319
59423
226391
310992
484802
668848
452219
643704
472547
259620
834712
76556
942165
42972
883804
515173
750452
144281
984538
619419
52405
929480
318935
19140
213779
714035
930078
457247
869479
629371
18576
635798
688794
761320
463142
689949
430168
915361
333653
419068
691333
684717
495624
633499
727689
379428
665024
994493
40061
649562
130264
608818
95394
449199
627959
825525
679586
558037
282772
65417
703760
301349
217568
908907
579021
680710
598856
9189
112424
448861
428257
803757
133579
923881
953608
377620
819661
618632
888466
376075
268194
18730
984893
363589
467930
129204
189114
663868
687242
988239
729286
391002
805940
946854
816261
384961
627564
415117
394150
256340
380331
338760
60098
513910
778993
13706
407882
115007
632339
296348
491082
416885
315079
992327
296826
299361
637884
2293
479581
325126
990532
208867
232480
312824
672073
48742
697785
815990
980211
608287
72330
360542
947047
648780
390804
726041
662487
798687
357400
811178
611387
848482
744415
442818
357161
557594
258531
995045
559887
738113
836523
66771
463332
585356
379595
651758
150450
593732
467748
130661
202019
56430
7556
149067
705211
914712
391460
884050
229751
748860
211580
841139
113694
955995
800309
987207
513589
58841
498605
589828
796954
851480
172951
260286
436836
68898
912044
587286
662630
896144
234300
381002
952575
241856
530069
174138
672920
437881
58188
902672
703093
269768
260163
816787
742115
60472
320346
772057
119313
818951
361885
916267
670432
51189
692906
623620
120087
121302
210907
299070
17447
445207
680072
486374
203415
726493
660512
876335
164374
235052
295359
383819
21172
555522
200606
763287
132347
37304
51696
251660
372608
413582
684280
43040
981123
893538
666660
101210
14840
393919
916632
32287
839126
596704
35013
558893
839549
211877
435229
3923
446929
246940
387742
984453
802463
104700
747741
451162
658357
799437
219174
30965
729371
903454
590357
710494
796992
773369
328057
328185
167289
244689
876824
522767
357746
911838
81661
197295
123715
33242
717571
86997
280182
621665
71450
598997
242718
335543
50159
901075
651333
269334
932040
380704
172788
522397
607551
486133
295766
451960
330670
979407
213001
207494
502175
87099
635684
100188
284395
759400
133430
518318
362749
413612
139983
434199
12610
899053
769743
62769
800128
937428
848455
248520
834484
537596
287269
442035
23729
99388
410347
870751
78795
623349
78245
97322
710448
713930
197510
511195
989682
330940
545865
352431
260905
202201
302982
273515
101254
589077
852636
417735
526505
701092
666255
360990
238688
953525
319377
778769
569265
729725
649520
648060
869426
244117
745383
96226
474399
459245
123774
464081
790186
669639
332864
51091
871840
635847
840958
973095
741276
693594
390830
267782
911038
573437
628772
149726
43314
464501
928495
612579
194226
94367
776992
580004
338485
522375
676231
329236
981620
316357
793318
288158
985996
642534
855601
374189
794733
696559
863636
536010
906506
770818
803792
817544
344255
948916
967271
387570
413417
412118
516501
123996
22838
293493
704000
877675
332220
896583
206911
830193
212940
516581
118351
715289
159116
490305
89478
470201
186864
953114
6211
609722
723932
810003
427267
584539
275271
910890
488461
688689
323008
4963
812685
862198
814808
33037
739873
147029
929621
463137
977222
658913
979718
611925
374202
655186
102230
980032
125388
805447
933146
647951
415169
173430
974307
358788
757970
249578
269678
762783
938267
109039
767746
267304
971237
582555
300342
227463
245936
746315
690600
223158
405228
186670
351435
295783
358209
453666
275815
999949
775465
725314
647900
706986
415096
622207
65775
689418
871786
335453
452202
326405
444492
736300
110062
415730
318855
410404
159545
81143
156719
366497
304301
78299
553167
655737
374082
911376
625755
166250
911325
917572
891564
75578
624558
306660
697785
690333
512431
85923
25787
964633
928681
470279
700933
38743
402361
536141
449147
78258
617284
122218
444755
437938
716869
997923
610027
607304
425651
235782
773554
853329
669706
181470
928907
294264
4482
143044
984598
516913
228968
10385
481546
157649
997016
698832
712744
915730
234973
161891
993988
368609
800461
438744
322899
517330
953019
932926
124634
895022
685060
414540
748351
354766
596010
193610
649031
600493
336655
633629
633758
81975
160366
115305
755976
673734
330489
468720
105816
81814
146963
616157
450423
463776
54901
289675
497458
524272
222601
138445
419294
907662
552985
167646
778780
665348
877608
427811
265841
730615
577792
415951
812590
254510
47608
84918
444597
378097
69990
550413
459911
733305
166570
426687
197081
737823
716362
694540
262095
455315
832985
197742
879329
902322
881740
658110
567670
759348
85921
349863
489964
180066
765815
818906
950928
813423
420177
395525
191521
6519
462291
167784
739825
628861
110823
453258
883037
343537
664150
661484
798853
13487
859226
678182
915810
257318
336292
483480
16667
938566
349696
22983
634984
115511
358241
585912
445286
778418
497790
153159
784938
960081
837296
41115
105294
948119
494373
988331
291657
158524
649816
606862
172011
25394
285044
604173
282713
137689
604006
815732
592607
953702
838715
227591
585565
196956
329855
30851
491727
827645
184011
793017
787726
21307
834132
893021
485778
328505
397704
293787
3381
563872
900649
175393
589267
702046
295918
388332
356087
899924
204064
465046
853626
559131
208989
439191
272439
538844
986395
764166
882842
686758
73535
670568
224417
907667
79941
710195
752525
993998
3983
755906
