1000
526039
450634
844230
679180
174292
231530
911964
629574
723961
628995
347744
585663
346196
155478
945
967901
863501
493490
242091
919648
916222
33082
840261
37061
551569
648595
179833
888161
2026
936930
220733
528065
387564
581315
207245
78208
812845
635562
707782
53158
780909
55526
638821
643457
727356
639766
127710
107210
649608
369801
26858
565830
919235
867120
119244
470804
32067
299077
358966
550445
752359
96051
78510
139923
677366
802108
734483
6563
954022
442265
59721
734931
14143
698542
894740
257852
854660
22450
365062
504268
392251
391920
586451
311486
775392
222047
782291
323811
521124
657609
874256
273484
270012
952767
929759
947378
271227
664243
953941
225249
622860
13662
476532
153356
228556
371272
411208
599568
393722
776270
620188
302325
684542
722991
130163
976287
945038
912454
300098
466163
86415
174355
255999
356427
643474
702110
820157
914701
882705
290450
656302
21918
820464
132834
175274
49020
20458
102834
164940
930532
395456
785129
232857
596350
508120
363020
572637
969511
791827
872736
435674
394594
563443
208025
267374
206917
426487
87531
637970
309193
377982
294272
331111
714798
427106
22737
280171
447564
641923
445111
378096
553731
746592
127305
150081
254713
6677
722719
224224
798504
111807
176250
709451
675250
900627
976825
882167
327114
580708
520137
152659
958690
330761
483770
189841
757867
22859
470012
721783
664782
915123
616231
218513
661716
743536
884947
432781
750213
607666
173357
65070
235825
865959
774521
911075
282938
267698
309594
610052
848406
346083
762712
323449
676844
762834
513290
951063
785694
983302
672846
966828
898425
289077
701694
76493
548965
586641
25626
299178
710659
198983
880600
946484
581294
171473
373911
864232
439171
199857
990637
287578
545940
753349
127379
739136
32535
640669
690199
818229
623971
879397
301410
38748
684826
3104
631594
750143
589745
657220
49321
300404
372556
446274
763240
470202
617747
137151
334435
573271
337008
325072
377201
399300
594773
504580
138436
627308
661601
344987
961890
801924
740736
263300
840672
941914
266404
988618
692057
372501
162191
257730
672905
51099
704004
952497
521301
838104
606000
372088
411375
943008
213512
788576
858660
808285
293156
513448
951946
954757
858435
913836
273033
115523
693488
113705
57437
959892
618676
749494
332393
780867
7224
521650
348318
227581
990499
869619
65685
596499
241708
477060
55859
971572
781988
914519
779858
591496
427967
248156
62605
802754
678344
335638
918277
371832
965695
975714
331724
584371
241560
180469
881590
248784
218471
229908
992717
208970
615880
58402
805469
373940
51814
861328
345512
833802
292199
641722
425298
720166
889878
487903
522920
568222
823541
957549
940054
789237
933263
788130
889960
691175
484951
771551
456311
703422
517811
449029
428744
133691
507431
234213
507631
559246
611893
369496
909400
904092
11218
334699
140610
901097
338954
179882
985671
162496
137431
925726
468085
587046
230208
358045
278221
715160
645948
734533
418582
163760
183562
847327
813803
207345
597892
321435
282943
726138
207283
192344
146582
218501
527043
287193
119598
865997
983427
621622
544845
120859
547348
529282
224257
293908
887328
18831
9068
533276
753364
944003
213388
453278
307682
27192
176975
421926
864979
459919
148064
72262
652263
294647
807115
695658
98192
443066
78007
81619
64688
139205
718830
128388
668487
943088
422296
72167
961919
947717
121796
231635
891720
335184
201265
715754
878728
378240
137680
260059
838159
802097
848673
6774
96744
655789
218784
711288
98855
813144
309259
163543
952349
28090
291931
137188
487530
230579
209356
965801
178296
331152
197436
70016
182688
915053
785770
61417
293293
439803
837828
647805
241900
686502
170931
854996
342291
389716
82636
441146
719212
391895
121041
671561
936337
412972
325101
423867
159903
534457
389668
338200
381961
103456
408216
564650
534861
710339
142419
828155
666494
980247
475960
908394
666749
163243
279742
9040
552959
362378
966538
272171
754273
87579
460084
206963
16903
301538
630830
176807
835995
536851
515007
734309
156659
439575
298959
691521
666266
957730
36028
332760
937977
511988
757506
604727
675231
37248
130119
744543
915978
613010
533066
186604
216941
509503
393567
233845
811041
24397
927004
163388
77600
958363
897697
234260
397938
713008
442133
580557
670738
478161
429669
125068
506501
187176
246147
698084
740776
892618
958979
656755
505628
492046
843359
722570
517901
753278
472767
328942
294027
399771
8682
371628
874486
422732
122240
788776
135740
80725
369333
322831
558886
799003
447899
65387
986179
210398
279823
243307
103016
238803
900062
608645
247201
259773
847567
765102
529403
320334
610396
823431
720105
619078
195059
110943
41810
833651
899719
693903
914376
269053
16734
989614
68056
980985
571353
570587
707735
851176
813894
810751
606331
230309
935748
853532
6434
783315
134986
535838
103649
745382
359269
340106
364461
70680
451049
922623
420683
350769
616526
851411
619822
149612
841025
204230
646949
928730
291169
354684
779906
621415
681788
902590
368076
617536
756122
374511
400852
891109
910349
20853
636491
785970
360960
517304
373002
328361
956280
793685
679130
89158
645096
815304
238771
2473
535886
402072
931203
827055
273109
711109
964823
954897
130051
332899
88785
886174
707410
5989
293635
134111
26843
446478
920081
904155
480135
809435
232516
436415
603120
911647
525573
764568
243303
280696
767041
779190
682769
698244
122597
472230
925706
87420
427127
55757
420320
32264
458283
644082
38254
751918
778194
65097
198397
214627
969252
194884
24063
201768
631299
143535
629767
156872
908104
873071
953921
675145
168613
636690
373390
291210
108920
299096
378631
52399
871205
315303
84663
329489
959385
639269
81407
253931
704366
796156
984911
189970
991040
8974
908091
138691
668861
54210
811916
576965
927281
765837
252111
612246
918879
141853
903457
544151
957301
798440
112902
828506
630095
713917
157995
589480
353187
755755
359764
573905
551911
344675
763876
59304
870001
188319
197995
538862
242529
9911
115828
686163
775748
884291
298409
210979
26144
718218
755130
983445
516658
868032
328303
146753
581950
486299
252586
935137
242054
128702
509042
310317
473377
789270
369621
343378
977589
83969
398592
736471
93880
514420
422634
385981
915063
721043
596960
941207
439262
352091
441004
472272
736475
769308
135378
318425
771959
904316
769914
14013
33018
795309
840682
22747
584579
726656
882477
78521
810625
281069
814992
904505
311842
753978
806838
226905
991373
403799
684465
946987
272242
125469
935612
8717
411129
70990
843495
183088
491658
613409
713453
524676
408718
70488
547423
509650
797144
946252
588171
607769
227321
919515
28626
539163
189845
835465
282421
181218
239264
966886
644558
27858
608707
580170
36575
19837
651160
396422
719277
659170
9832
949083
183846
418550
19571
247621
444552
816715
193873
549075
424484
937546
984942
453110
476710
174787
804927
275483
872358
560543
242369
516916
588401
367428
613438
141329
387265
780950
537751
