100
585545
181476
916417
529089
197857
705523
991994
971539
460297
479867
810338
647356
719860
928176
60684
246816
375929
672247
930076
850834
564590
360924
758358
206552
194303
396543
583975
188160
683939
205521
767138
269484
386997
683555
314926
101207
905431
306920
72746
365728
303140
883084
529436
23000
327612
590120
786168
219893
778720
232597
70727
343310
593521
345437
549862
304177
258332
133837
8689
942271
855711
775828
728108
242708
459383
43034
343915
364814
866306
933013
246894
685798
816097
776331
225151
660061
882803
11319
396307
661523
760268
983386
4833
870142
328824
554696
174319
587156
204885
183008
529428
60596
475188
773888
819657
450924
816922
679924
815738
199580
