10000
256
6
40
432
629
722
703
891
947
1427
1468
1536
1617
1655
1671
1695
1705
1937
2040
2063
2118
2210
2235
2383
2418
2439
2533
2675
2930
2468
2955
3184
3249
3268
3300
3317
3343
3354
3361
3455
3527
3737
3836
3779
3901
3948
4072
4123
4268
4452
4460
4625
4848
4958
5106
5158
5381
5391
5427
5488
5754
5775
5799
5888
5984
6034
6050
6243
6321
6567
6584
6587
6784
6787
6834
7059
7059
7240
7269
7287
7310
7468
7486
7514
7649
7671
7877
8025
8087
8460
8606
8606
8608
8688
8820
8882
8931
8973
9032
9174
9209
9215
9468
9933
10040
10142
10151
10525
10220
10616
10925
10957
11238
11351
11377
11380
11399
11420
11446
11615
11630
11760
11949
12008
12094
12443
12736
12857
12978
12997
13244
13250
13518
13523
13719
13795
14178
14310
14330
14671
14755
15018
15423
15544
15668
15742
16173
16283
16310
16343
16418
16488
16512
16541
16623
16633
16666
16792
16823
16825
16881
17006
17150
17157
17257
17302
17431
17469
17734
17767
17817
17824
17870
17895
18102
18275
18367
18375
18442
18467
18508
18761
18894
18938
19032
19159
19242
19251
19378
19472
19685
19903
19936
20086
20304
20376
20394
20527
20612
20626
20712
20728
20889
20968
20974
21038
21232
21436
21580
21585
21619
21621
21648
21778
22149
22209
22450
22674
22720
23034
23109
23179
23212
23239
23267
23323
23605
23753
23781
23824
23861
23909
23927
24150
24397
24476
24500
24864
24919
24957
25000
25218
25218
25224
25255
25407
25653
25713
25791
25897
26126
26616
26697
26928
26965
26979
27000
27023
27084
27128
27186
27289
27317
27564
27597
27616
27642
27669
27705
27903
27976
27984
28086
28096
28183
28491
28686
28734
28777
28883
28898
28959
28982
29036
29103
29174
29347
29390
29407
29517
29654
29736
29806
29821
29953
30110
30188
30460
30527
30545
30630
30715
30834
30898
30962
30972
31152
31220
31312
31313
31370
31454
31586
31689
31743
31813
31938
32030
32149
32153
32303
32426
32480
32578
32787
32791
32825
32834
32936
32944
32954
33229
33297
33492
33824
34083
34425
34648
34669
34909
34976
35035
35169
35226
35241
35293
35318
35373
35378
35591
35688
35708
35753
36028
36126
36142
36150
36211
36450
36483
37066
37347
37354
37392
37625
37634
37694
37726
37942
37963
38391
38840
38978
39071
39084
39154
39328
39531
39560
39562
39761
39767
39773
39790
39916
39960
40033
40045
40216
40281
40502
40668
40736
40753
40800
40844
40863
40917
41019
41085
41366
41381
41474
41501
41612
41737
41776
41780
41845
41884
41972
41974
41991
42288
42422
42443
42474
42504
42707
42840
43008
43012
43051
43137
43142
43185
43620
43704
43772
44123
44156
44220
44220
44456
44512
44585
44731
44824
44885
44927
45048
45219
45238
45253
45323
45458
45635
45681
45687
45728
45779
45796
45805
45879
45909
46185
46278
46328
46375
46388
46389
46538
46745
46750
46805
46921
46985
47094
47110
47170
47184
47221
47358
47368
47406
47423
47456
47495
47718
47746
47828
47938
47960
48088
48140
48345
48546
48551
48585
48729
48931
49039
49099
49273
49460
49473
49499
49575
49587
49643
49888
49907
50120
50258
50285
50338
50410
50513
50535
50586
50823
51000
51095
51299
51485
51489
51494
51505
51559
51803
52140
52333
52395
52410
52446
52507
52547
52737
52881
52906
53146
53219
53352
53379
53454
53569
53636
54311
54330
54345
54526
54573
54654
54670
54737
54786
54818
54826
54896
54925
54937
54960
55067
55152
55214
55420
55609
55874
55960
55967
55996
56313
56337
56359
56640
56916
56940
56947
56965
57114
57324
57346
57370
57381
57421
57848
57984
57994
58043
58050
58072
58112
58225
58258
58305
58369
58462
58550
58569
58576
58658
58754
58864
58977
59004
59063
59109
59171
59212
59246
59301
59303
59317
59425
59460
59473
59569
59582
59653
59788
59898
59971
59979
59996
60028
60051
60071
60095
60121
60137
60235
60333
60512
60529
60609
60669
61266
61461
61535
61605
61661
61680
61734
61734
61757
61772
61807
61808
61877
61881
61951
61952
61966
62048
62060
62122
62375
62804
62855
62868
63010
63242
63396
63396
63407
63446
63586
63645
63677
63724
63830
64042
64061
64092
64191
64556
64563
64602
64780
64788
64922
65038
65273
65465
65585
65632
65903
66064
66111
66154
66502
66555
66612
66738
67073
67239
67279
67364
67421
67512
67557
67582
67938
67989
67993
68030
68034
68097
68207
68489
68615
68688
68751
68862
69013
69116
69267
69300
69388
69424
69860
70056
70216
70229
70456
70674
70925
71017
71194
71374
71495
71615
71689
71903
71942
72047
72058
72116
72157
72301
72309
72457
72748
72870
72871
72886
72974
73005
73080
73141
73316
73368
73374
73376
73444
73479
73557
73668
74066
74234
74240
74409
74420
74682
74902
75091
75456
75523
75564
75598
75668
75771
75860
75871
75873
75924
76059
76320
76548
76551
76685
77113
77147
77154
77586
77714
77748
77772
78089
78321
78341
78342
78396
78546
78560
78932
79184
79244
79389
79578
79705
79744
79843
79857
80013
80028
80121
80140
80183
80235
80365
80404
80433
80479
80489
80520
80561
80634
80866
80917
80932
80989
80996
81029
81269
81288
81320
81335
81574
81625
81686
81704
81707
81803
82072
82486
82563
82577
82646
82769
82895
82994
83002
83084
83177
83354
83365
83411
83417
83536
83547
83565
83568
83685
83733
83813
83848
83925
84051
84139
84161
84429
84447
84537
84645
84672
84781
84809
84876
84879
84944
85134
85210
85307
85542
85683
85731
85788
85792
85916
85990
85993
85994
86019
86027
86121
86167
86247
86254
86257
86423
86534
86667
86676
86773
86780
86918
86988
87078
87116
87267
87351
87357
87367
87803
87850
87894
88092
88447
88540
88593
88666
88830
88924
88967
88979
88999
89367
89401
89552
89631
89767
89849
89939
90014
90077
90148
90159
90293
90301
90315
90345
90428
90739
90846
91104
91120
91237
91442
91600
91655
91682
91903
92070
92242
92329
92572
92592
92810
92823
92876
92903
92986
92996
93042
93156
93157
93176
93186
93219
93227
93253
93348
93455
93525
93550
93648
93772
93884
93909
93980
94122
94320
94378
94447
94462
94524
94561
94581
94651
94841
95089
95104
95120
95129
95271
95313
95530
95803
95857
96015
96029
96106
96235
96324
96372
96383
96577
96599
96910
96952
97100
97142
97165
97256
97363
97492
97548
97573
97770
97775
97822
97845
97911
97934
98040
98045
98095
98110
98248
98270
98564
98570
98679
98717
98800
98887
99015
99064
99064
99105
99129
99201
99403
99424
99569
99844
99960
100048
100142
100199
100211
100235
100340
100424
100426
100468
100597
100931
100931
101014
101080
101169
101197
101226
101303
101376
101531
101587
101766
101773
101795
101916
102101
102111
102190
102299
102374
102382
102484
102634
102683
102686
102740
102801
103054
103066
103067
103337
103644
103684
104025
104075
104145
104149
104169
104250
104432
104491
104732
104769
104782
104861
104864
104936
105053
105058
105152
105154
105251
105519
105575
105690
105750
105880
105933
106021
106090
106096
106099
106437
106541
106562
106600
106818
106920
107469
107601
107656
107951
108262
108331
108415
108438
108557
108666
108672
108753
108915
108973
109342
109670
109734
110304
110378
110573
110615
110772
110795
110828
110900
110951
111325
111704
111850
111865
111923
112044
112283
112351
112533
112610
112692
112727
112727
112839
112899
113021
113272
113483
113618
113711
113738
113766
113979
114008
114029
114080
114092
114205
114373
114549
114392
114675
114761
115084
115185
115210
115482
115520
115566
115685
115741
115748
115860
115979
116083
116156
116178
116197
116213
116281
116380
116380
116405
116448
116653
116679
116730
116784
116927
116942
116956
117114
117260
117294
117540
117722
117723
117750
118021
118062
118129
118279
118319
118330
118421
118424
118683
118752
119327
119397
119855
120266
120305
120352
120370
120411
120742
120743
120802
120848
121082
121163
121340
121370
121422
121951
121959
121978
122015
122173
122222
122283
122849
122917
122930
122944
123063
123103
123134
123190
123191
123391
123422
123430
123434
123526
123602
123611
123711
123833
123848
123921
124128
124130
124163
124349
124488
124557
124605
124622
124821
124957
125134
125207
125535
125542
125658
125693
125732
125861
125965
126019
126095
126225
126330
126384
126490
126508
126522
126667
126738
126761
126777
126797
126875
126893
126942
126957
126978
127007
127278
127650
127661
127707
128050
128385
128416
128499
128547
128698
128716
128742
128837
129037
129097
129147
129238
129356
129361
129402
129754
129825
130072
130199
130370
130391
130412
130464
130558
130577
130674
130763
130932
131011
131125
131277
131389
131436
131809
131862
131865
131934
131957
132025
132102
132114
132134
132167
132228
132267
132422
132483
132554
132567
132871
132920
133052
133096
133103
133194
133280
133331
133451
133649
133758
134094
134135
134224
134230
134264
134376
134404
134423
134755
134828
134836
134857
135063
135254
135302
135717
135762
135792
136051
136128
136231
136660
136845
136950
137085
137493
137537
137674
137702
137739
137946
138020
138177
138230
138331
138388
138522
138670
138673
138805
138822
138830
138840
138871
138998
139111
139511
139606
139608
139863
139929
139943
140029
140174
140193
140222
140262
140664
140735
140908
140910
141005
141106
141184
141240
141335
141375
141520
141643
141872
142043
142167
142167
142247
142634
142640
142725
142851
142897
142916
143182
143208
143244
143486
143523
143530
143573
143773
143878
143977
144032
144250
144252
144503
144509
144577
144625
144653
144654
145285
145292
145340
145342
145475
145735
145864
145948
146144
146236
146246
146343
146389
146413
146443
146546
146546
146552
146599
146701
147044
147196
147342
147388
147558
147626
147744
147748
148080
148104
148182
148206
148222
148277
148297
148430
148512
148616
148652
148658
148724
148820
149433
149511
149674
149918
149927
149935
150145
150267
150372
150744
150874
151055
151215
151300
151421
151466
151700
151739
151824
151869
151941
152007
152304
152322
152405
152418
152568
152746
152820
152989
153275
153383
153385
153496
153576
153790
154009
154057
154219
154290
154306
154364
154368
154407
154425
154443
154509
154571
154601
154649
154655
154680
154945
155026
155302
155468
155490
155583
155639
155729
155777
155862
156073
156322
156548
156598
156724
156775
156903
157020
157057
157161
157192
157211
157224
157535
157610
157685
157731
157875
157883
158048
158493
158501
158536
158577
158850
159078
159247
159348
159376
159411
159473
159493
159498
159507
159570
159666
159704
159778
159866
160003
160005
160212
160220
160224
160373
160727
160838
160917
161049
161178
161205
161415
161571
161676
161722
161790
161821
161983
161995
162075
162147
162178
162185
162233
162473
162489
162551
162638
162689
162721
162905
163004
163095
163166
163293
163299
163345
163497
163682
163809
163926
164339
164376
164550
164569
164600
164611
164724
164734
164767
165145
165163
165194
165215
165480
165480
165481
165504
165554
165788
165828
165864
165896
165965
165997
166085
166123
166164
166295
166392
166410
166511
166631
166666
166698
166775
166848
166921
166932
166950
167204
167348
167374
167509
167680
167892
168566
168619
168645
168686
168691
168742
168867
169016
169187
169254
169262
169281
169336
169347
169657
169759
169762
169798
169936
169966
169999
170103
170128
170169
170226
170309
170323
170329
170435
170591
170630
170652
170685
170733
170738
170841
170919
171043
171147
171352
171358
171362
171416
171461
171589
171850
171899
172059
172096
172162
172178
172400
172413
172471
172853
173037
173148
173249
173255
173298
173334
173408
173408
173613
173622
173687
173789
173837
173866
174082
174545
174634
174694
174939
174945
174947
174959
175055
175070
175072
175089
175109
175256
175532
175600
175702
175707
175732
175975
176188
176231
176294
176361
176605
176619
176702
176744
177016
177058
177175
177238
177286
177304
177344
177364
177710
177731
177749
177755
177869
177939
178061
178097
178220
178264
178284
178512
178596
178662
178872
178897
178918
178932
179046
179138
179324
179447
179449
179639
179665
179776
179877
179924
180283
180412
180414
180424
180464
180512
180677
180758
180880
180913
181221
181241
181517
181687
181705
181732
181908
181970
182069
182151
182310
182384
182420
182512
182624
182782
182790
182943
182974
183015
183152
183178
183182
183216
183351
183354
183524
184165
184303
184315
184405
184433
185085
185086
185307
185609
185733
185816
185854
185863
185866
185930
185944
186073
186104
186120
186277
186474
186575
186600
186604
186778
186826
186864
186908
186951
186954
186972
186981
187004
187141
187171
187214
187278
187594
187720
187843
187901
187911
187958
187961
187995
188034
188207
188226
188300
188403
188420
188508
188564
188663
188801
188911
188912
188981
189101
189124
189217
189417
189503
189531
189633
189636
189701
189885
189972
190014
190227
190326
190371
190456
190516
190672
190673
190947
191242
191283
191339
191346
191415
191438
191516
191556
191611
191828
191880
191901
192454
192618
192697
192733
192928
193155
193412
193604
193762
193784
193971
194099
194132
194243
194361
194532
194707
194792
194866
195175
195201
195303
195406
195491
195509
195600
195771
195950
196161
196330
196336
196412
196412
196564
196772
196898
197057
197469
197526
197553
197890
197992
198003
198140
198223
198359
198371
198422
198513
198581
198612
198714
198763
198774
198784
198790
198859
199049
199082
199176
199299
199313
199439
199450
199473
199514
199559
199569
199577
199577
199638
199968
199969
200033
200060
200079
200487
200708
200770
200888
200963
200985
200992
201061
201068
201093
201321
201335
201349
201497
201506
201553
201582
201665
201844
201893
201897
202013
202155
202199
202230
202269
202292
202314
202516
202827
202891
203112
203137
203145
203151
203444
203461
203627
203823
203839
203843
203978
204131
204139
204233
204463
204795
204923
204933
205576
205599
205637
205714
205996
206058
206137
206140
206171
206197
206395
206651
206713
207158
207446
207541
207562
207614
207649
207954
208255
208703
208949
208990
209152
209153
209169
209235
209375
209517
209591
209717
209743
209791
209797
209820
209832
210011
210115
210265
210406
210462
210634
210655
210676
210824
210936
210948
211006
211071
211126
211149
211164
211279
211461
211462
211466
211517
211664
211669
211730
211739
211793
211863
211880
212025
212056
212191
212267
212497
212571
212635
212668
212713
212809
212965
213032
213048
213087
213167
213355
213384
213397
213501
213512
213680
213721
213726
213776
213786
213836
213886
214011
214022
214122
214151
214153
214234
214426
214525
214536
214555
214618
214636
214651
214876
215098
215168
215694
215942
216338
216371
216396
216798
216900
216909
216974
217008
217057
217165
217255
217612
217694
217713
217809
217875
218117
218168
218220
218225
218723
218779
218807
218939
218952
219142
219243
219261
219338
219344
219459
219480
219702
219774
219910
219946
220041
220113
220192
220206
220577
220671
220697
220773
220793
220954
220968
221043
221075
221114
221162
221211
221590
221674
221964
222014
222033
222052
222216
222339
222351
222558
222719
222763
223049
223052
223221
223249
223511
223706
223822
223841
223871
224063
224103
224486
224546
224902
224971
225016
225083
225131
225193
225195
225394
225715
225762
225902
225919
226021
226038
226395
226427
226452
226710
226823
227018
227277
227371
227386
227450
227623
227734
227765
227992
228203
228290
228394
228433
228484
228587
228771
228807
228895
229041
229350
229392
229496
229551
229582
229648
229787
229853
230023
230286
230315
230578
230795
230850
230940
231054
231068
231094
231228
231280
231376
231507
231508
231577
231645
231667
231719
231904
232006
232111
232354
232365
232384
232474
232651
233521
233600
233610
233689
233836
234054
234272
234333
234428
234501
234504
234565
234649
234969
235011
235054
235383
235560
235616
235812
235909
236123
236241
236292
236405
236438
236464
236585
236675
236737
236748
236754
237066
237073
237230
237516
237643
237664
237665
237674
237694
237719
237753
237801
237802
237942
237987
238105
238133
238316
238321
238417
238671
238729
238741
238819
238966
239040
239257
239454
239547
239709
239857
240025
240062
240209
240217
240291
240444
240454
240974
240978
241037
241051
241277
241310
241330
241472
241815
241918
242006
242190
242321
242355
242407
242456
242537
242761
242776
242860
243087
243188
243244
243268
243382
243497
243597
243749
244158
244398
244425
244497
244534
244563
244683
244731
244815
244840
244875
245074
245154
245423
245817
245958
245983
246069
246079
246250
246376
246443
246634
246938
246946
247108
247222
247362
247390
247399
247450
247589
247597
247686
247728
247981
247986
248038
248545
248790
248962
249202
249377
249414
249458
249581
249806
249958
250053
250150
250247
250417
250456
250578
250738
250893
251041
251088
251112
251115
251127
251130
251163
251206
251347
251379
251648
251937
252035
252132
252159
252388
252648
252653
252919
252949
253252
253304
253443
253454
253462
253488
253572
253809
254054
254085
254214
254231
254277
254357
254398
254540
254697
254705
254871
254910
255056
255092
255102
255310
255324
255340
255363
255405
255594
255662
255776
255874
255948
256220
256284
256326
256376
256581
256681
256739
256913
257026
257217
257392
257428
257713
257905
257937
258095
258193
258252
258393
258505
258538
258779
258809
258819
258940
259112
259169
259240
259318
259521
259835
259941
259970
259979
260006
260202
260246
260393
260546
260686
260771
260851
260951
261018
261140
261294
261306
261345
261459
261516
261673
261725
261729
261750
261787
261838
261907
261940
262019
262143
262244
262453
262537
262796
263132
263211
263211
263337
263373
263547
263572
263614
263709
263751
263755
263770
263788
263869
264185
264268
264283
264313
264323
264387
264393
264613
264676
264784
264989
265110
265240
265347
265567
265610
265902
266014
266175
266397
266403
266609
266686
266698
266953
267117
267139
267269
267331
267490
267589
267598
267739
267874
267982
268044
268089
268133
268303
268332
268492
268495
268683
268824
268897
269051
269239
269482
269498
269519
269939
270078
270231
270410
270518
270522
270582
270641
270697
270784
270878
270928
270937
270954
270968
271091
271205
271533
271585
271634
271729
271851
272093
272147
272424
272783
272866
272901
273049
273193
273304
273324
273345
273428
273473
273862
273885
273924
273965
274000
274042
274191
274328
274403
274417
274432
274531
274647
274756
274774
274871
274941
275048
275254
275468
275574
275644
275663
275821
275843
275930
276090
276094
276184
276300
276358
276384
276421
276492
276752
276827
277147
277174
277194
277231
277252
277291
277293
277418
277509
277655
277656
277662
277712
277715
277728
277876
277893
277988
277993
278018
278060
278114
278131
278203
278233
278302
278428
278474
278632
279016
279124
279154
279272
279376
279384
279434
279683
279864
279886
280038
280078
280319
280428
280446
280676
280855
280914
281055
281255
281358
281566
281582
281595
281668
281726
281909
281910
281940
281953
282020
282056
282397
282460
282547
282562
282663
282752
282752
282774
282845
282925
282961
283275
283306
283401
283428
283562
283650
283842
283870
283927
283961
284181
284194
284414
284436
284448
284463
284525
284614
284742
284775
284813
285120
285160
285502
285523
285576
285690
285715
285812
285814
285880
286000
286026
286053
286095
286104
286161
286278
286280
286308
286323
286415
286420
286432
286461
286473
286511
286538
286579
286698
286871
286906
286976
287003
287104
287163
287299
287323
287413
287442
287583
287986
288089
288387
288433
288535
288597
288840
289067
289213
289323
289428
289494
289524
289832
289984
289995
290075
290145
290154
290226
290571
290800
290809
290912
291059
291175
291224
291317
291320
291411
291573
291620
291706
291867
291968
292110
292123
292304
292333
292335
292340
292511
292513
292563
292593
292765
292767
292913
292975
292995
293017
293053
293085
293221
293400
293427
293460
293527
293557
293644
293676
293685
293699
293785
293909
294021
294036
294094
294132
294188
294282
294465
294477
294767
295030
295070
295216
295365
295368
295781
296018
296098
296370
296411
296419
296690
296765
297265
297276
297350
297460
297464
297482
297490
297514
297601
297630
297710
297830
297922
297940
297991
298027
298061
298153
298236
298298
298394
298465
298739
298823
298934
298937
298941
299011
299057
299083
299125
299267
299288
299347
299421
299459
299618
299731
299802
299803
299894
299944
299946
300129
300183
300206
300371
300450
300478
300733
300742
300769
300798
301156
301193
301201
301226
301240
301549
301586
301684
301796
301810
301841
301925
302145
302160
302206
302367
302384
302390
302432
302533
302585
302699
302949
303177
303310
303454
303475
303556
303598
303608
303608
303815
304106
304118
304458
304604
304770
304808
304832
304837
304859
304875
304913
304987
305213
305255
305394
305429
305752
305766
306064
306220
306540
306666
306794
306811
306889
306943
306945
306954
307111
307158
307563
307584
307823
307848
308050
308181
308223
308270
308289
308378
308395
308521
308567
308961
308966
309220
309236
309295
309312
309434
309690
309747
309776
309787
309834
309922
310260
310332
310399
310515
310546
310823
311149
311354
311495
311556
311682
312099
312465
312472
312732
312844
312964
312991
313214
313503
313706
313969
314003
314090
314139
314149
314216
314256
314412
314418
314598
314798
314812
314831
314895
314914
314980
315089
315121
315121
315126
315145
315152
315165
315170
315559
315722
315727
315750
315800
315947
316024
316338
316413
316428
316528
316559
316672
316914
316995
317071
317158
317300
317398
317462
317464
317496
317545
317768
317785
318114
318210
318274
318316
318371
318490
318641
318712
319200
319621
319653
319725
319741
319887
319933
319988
320523
320723
321289
321332
321526
322009
322051
322107
322456
322536
322810
322898
323094
323353
323462
323486
323546
323695
323774
323775
323803
323890
323922
324248
324495
325090
325119
325304
325389
325416
325473
325529
325539
325713
326163
326403
326423
326481
326520
326725
326935
326976
327213
327357
327417
327439
327528
327663
327762
327861
327885
328070
328293
328364
328383
328454
328458
328718
328793
328820
328853
328891
328899
329126
329137
329288
329438
329531
329585
329715
329723
329728
329868
329926
330223
330227
330349
330373
330541
330621
330637
330705
330790
331088
331128
331174
331181
331232
331233
331238
331242
331374
331377
331395
331430
331744
331754
331770
331912
331963
331994
332024
332048
332511
332532
332565
332622
332665
332777
332788
332966
333076
333124
333129
333221
333232
333336
333419
333508
333615
333813
333825
334127
334192
334433
334508
334634
334647
334740
335040
335057
335173
335206
335285
335330
335565
335605
335634
335636
335741
335864
335922
336183
336268
336307
336334
336433
336582
336701
336859
336864
336878
336887
337272
337273
337358
337436
337575
337585
337607
337901
338089
338351
338351
338353
338378
338489
338568
338737
338980
338999
339256
339372
339423
339613
339630
339797
339892
339944
340036
340052
340198
340204
340224
340257
340378
340607
340666
340679
340703
340762
340866
341280
341403
341650
341887
342105
342313
342728
342784
342907
342986
343124
343304
343304
343358
343433
343497
343552
344108
344197
344301
344370
344801
344935
344970
345253
345332
345386
345431
345490
345855
345933
345953
345969
346042
346160
346271
346307
346544
346569
346692
346717
346892
346929
347003
347015
347023
347050
347226
347336
347658
347848
347945
347974
348284
348302
348315
348386
348454
348637
348685
349075
349175
349199
349299
349309
349327
349537
349556
349814
349836
349900
350003
350047
350079
350083
350146
350164
350307
350468
350532
350634
350667
350740
350793
350824
350888
351008
351012
351065
351127
351385
351719
351722
351740
351822
351877
351893
351902
352002
352058
352125
352133
352174
352258
352274
352418
352536
352596
352673
352768
352853
352865
352933
353086
353146
353278
353370
353389
353415
353571
353637
353670
353682
353685
353791
353913
353927
353930
353959
353984
354038
354084
354160
354256
354381
354531
354760
354797
354934
355093
355282
355284
355331
355333
355731
355826
355843
356034
356222
356246
356300
356565
356591
356635
356761
356934
356935
357023
357117
357176
357316
357317
357525
357575
357673
357834
357842
357975
357980
358102
358206
358294
358513
358524
358545
358664
358685
358703
358902
359266
359408
359412
359573
359857
359923
359969
360001
360042
360089
360145
360148
360178
360343
360610
360744
360765
360857
360881
360954
360960
360991
361106
361140
361325
361543
361576
361751
361830
362066
362148
362299
362519
362966
363160
363270
363367
363587
363669
363690
363857
363875
363890
363975
364025
364352
364517
364532
364700
364795
364910
364975
365021
365052
365058
365125
365274
365286
365439
365447
365475
365514
365596
365606
365644
365708
365840
366386
366557
366567
366649
366660
366824
366904
366925
366933
367001
367183
367230
367388
367561
367576
367665
367731
367826
367839
368027
368055
368115
368132
368190
368301
368385
368699
368971
369000
369056
369081
369190
369213
369261
369373
369573
369586
369601
369625
369732
369934
370106
370221
370242
370683
370769
370792
370835
370902
370988
371112
371163
371286
371310
371404
371405
371498
371510
371557
371721
371869
371875
372025
372549
372592
372674
372752
372843
372895
373055
373058
373288
373404
373438
373447
373542
373663
373666
373707
373890
373909
374002
374480
374536
374620
374709
374730
374730
374795
374815
374888
375055
375217
375515
375534
375647
375752
375794
376263
376390
376405
376447
376503
376530
376730
376836
376940
377006
377178
377188
377236
377364
377418
377924
377984
378004
378034
378095
378253
378361
378374
378394
378764
379076
379099
379155
379200
379207
379259
379297
379531
379595
379604
379609
379798
379991
380046
380150
380256
380348
380483
380646
380685
380819
381242
381286
381302
381416
381556
381669
381712
381956
382071
382103
382234
382253
382306
382330
382438
382498
382579
382769
382880
382907
383019
383097
383194
383390
383405
383497
383690
383790
383809
383887
383934
384215
384309
384393
384432
384450
384562
384907
385124
385187
385447
385503
385660
385662
385662
385686
385737
385763
385820
385935
386084
386341
386369
386535
386540
386621
386763
386861
386978
387041
387077
387283
387291
387382
387475
387531
387665
387747
387804
387820
387831
387917
387943
387979
387991
388021
388094
388366
388499
388640
388755
388926
388937
389011
389193
389263
389495
389637
389753
389951
390188
390280
390477
390614
390673
390685
390885
391023
391369
391424
391672
391968
391986
392001
392032
392034
392049
392110
392618
392862
392874
392896
393036
393075
393117
393219
393273
393316
393403
393517
393697
393760
393919
394048
394107
394239
394298
394395
394422
394525
394583
394602
394612
394947
394991
395066
395337
395353
395400
395413
395535
395911
396125
396134
396215
396268
396298
396398
396424
396588
396737
396737
396798
396817
396878
396989
397026
397203
397252
397409
397437
397588
397592
397613
397675
397682
397734
397883
397933
397965
398040
398117
398118
398150
398465
398565
398801
398866
399067
399132
399229
399326
399451
399511
399593
399628
399768
399833
399894
399972
400036
400044
400058
400484
400661
400680
400700
400728
400811
400992
401025
401102
401184
401344
401360
401471
401471
401525
401581
401751
401776
401848
401929
401944
402061
402081
402093
402176
402325
402425
402451
402461
402641
402644
402821
402888
403189
403268
403274
403342
403601
403757
403812
403827
403845
403876
403897
404033
404088
404543
404604
404663
404720
404840
404852
404867
404890
404921
404938
404970
405313
405321
405354
405435
405496
405517
405578
405761
405761
405836
405917
406210
406325
406326
406594
406850
406882
407138
407292
407691
407758
407841
407866
407969
408016
408017
408090
408303
408355
408436
408470
408488
408617
408649
408746
408749
408765
408783
408979
409092
409249
409694
409818
409856
410081
410295
410353
410392
410427
410448
410512
410648
410713
410758
410930
410993
411023
411110
411401
411603
411626
411675
411683
411900
412320
412378
412641
412671
412846
412973
413017
413204
413237
413273
413334
413658
413667
413786
413808
413914
414010
414036
414102
414320
414519
414588
414597
414676
414728
414734
414855
414875
414893
414913
414959
414964
415052
415108
415298
415313
415425
415473
415533
415611
415749
415768
415836
415875
415967
416197
416244
416490
416964
417027
417044
417119
417134
417146
417291
417468
417588
417662
417718
417838
417917
418021
418055
418123
418138
418240
418294
418298
418400
418429
418541
418553
418817
418854
418892
418915
418987
419009
419072
419090
419173
419199
419231
419305
419508
419516
419531
419956
420063
420512
420562
420601
420767
420828
420852
421026
421181
421221
421384
421413
421464
421541
421569
421601
421621
421632
421679
421776
421874
421890
422166
422241
422270
422294
422586
422756
422818
422998
423063
423108
423163
423197
423215
423436
423507
423553
423612
423841
423881
424131
424172
424423
424549
424647
424811
424841
424845
424944
424949
425030
425083
425104
425109
425111
425199
425301
425338
425464
425597
425653
425728
425789
425810
425835
426177
426348
426366
426374
426656
426813
426834
426971
427079
427126
427426
427554
427578
427601
427611
427653
427796
427944
427955
428002
428188
428295
428399
428429
428433
428586
428635
428803
428830
428952
429037
429547
429743
429775
429855
429888
430045
430140
430216
430217
430290
430356
430445
430483
430485
430503
430516
430722
430730
430730
430852
430918
430936
430941
431004
431026
431140
431159
431383
431537
431538
431629
431812
431936
432268
432696
432771
432783
433062
433135
433156
433471
433670
433707
433943
433982
434005
434010
434225
434287
434331
434620
434773
434862
434940
435257
435310
435321
435330
435360
435471
435621
435654
435666
435738
435794
435865
435927
435995
436015
436064
436179
436183
436392
436475
436676
436738
436769
436822
436834
437146
437154
437361
437501
437580
437813
437930
438218
438313
438316
438421
438635
438659
438716
438848
438911
438919
439047
439084
439137
439211
439218
439221
439506
439607
439664
439813
440038
440074
440110
440176
440367
440435
440660
440859
440918
441060
441263
441380
441435
441482
441522
441842
441913
441970
442004
442018
442243
442268
442371
442444
442692
443018
443083
443205
443220
443242
443312
443330
443402
443423
443602
443665
443763
444029
444039
444122
444279
444333
444476
444730
445141
445404
445430
445587
445741
445816
445857
445896
445998
446063
446110
446146
446199
446240
446399
446544
446744
446868
446899
446935
447078
447136
447286
447414
447544
447604
447816
447858
447926
448054
448101
448134
448141
448314
448493
448776
449203
449278
449302
449460
449474
449549
450051
450101
450177
450439
450681
450829
450847
450973
450984
451171
451286
451320
451361
451380
451459
451519
451668
451773
451946
451957
452044
452142
452225
452276
452313
452390
452406
452559
452725
452815
452856
452870
452899
453192
453209
453255
453427
453443
453568
453586
453617
453617
453666
453793
453838
453913
454085
454134
454236
454358
454377
454446
454448
454665
454780
454845
455031
455352
455601
455716
455718
455836
455868
456015
456120
456150
456258
456303
456361
456422
456525
456539
456641
456922
456947
457081
457173
457241
457244
457376
457755
457779
457813
457882
457914
458063
458230
458320
458645
458835
458864
458901
459164
459324
459408
459438
459465
459496
459510
459672
459723
459796
459916
459939
460080
460106
460191
460220
460228
460285
460305
460379
460436
460645
460710
460740
460743
460750
460762
460838
460965
461254
461464
461515
461752
461782
461830
461878
461906
461912
462052
462066
462154
462170
462236
462302
462351
462359
462383
462408
462421
462593
462600
462603
462627
462898
462928
462939
462950
462958
463096
463121
463142
463199
463295
463308
463329
463360
463420
463470
463753
463866
463938
463968
464254
464321
464566
464754
465143
465365
465370
465527
465647
465669
465741
465760
465828
465901
465932
465961
465971
466269
466276
466328
466346
466385
466504
466519
466900
466981
467050
467431
467631
467692
467782
467855
467941
467982
468135
468213
468227
468303
468367
468413
468462
468483
468996
469166
469173
469180
469204
469439
469644
469953
469986
470067
470113
470114
470398
470469
470544
470576
470946
470970
470991
471084
471106
471193
471244
471336
471381
471548
471683
471717
471815
471816
471831
471880
472116
472272
472450
472523
472725
472745
472873
472903
472924
473013
473082
473254
473264
473268
473362
473544
473602
473628
473703
473802
473903
474108
474281
474313
474389
474413
474503
474576
474596
474671
475003
475077
475107
475124
475518
475602
475613
475668
475883
475900
475938
476026
476132
476206
476417
476418
476452
476618
476670
476677
476732
476837
476859
477029
477126
477160
477205
477316
477409
477598
477652
477883
477927
477944
477974
478327
478583
478605
478694
478706
478790
478910
479020
479044
479047
479218
479246
479375
479443
479462
479637
479652
479657
479680
479710
479829
480156
480194
480202
480229
480463
480669
480674
480738
480861
480933
480997
481041
481043
481281
481309
481521
481774
481775
481888
481908
481950
482097
482173
482269
482454
482659
482777
482790
483013
483115
483117
483202
483223
483233
483248
483257
483282
483382
483523
483618
483674
484028
484037
484201
484323
484536
484727
484841
484862
485147
485231
485306
485491
485528
485732
485937
485966
485974
485990
486007
486126
486438
486478
486494
486578
486683
486909
486931
486994
487535
487578
487599
487637
487779
487803
488076
488077
488204
488299
488319
488398
488405
488618
488663
488730
488760
488880
489193
489361
489429
489467
489655
489863
489884
489950
489965
490140
490188
490300
490341
490497
490519
490520
490532
490669
490725
490788
490810
491032
491402
491426
491488
491607
491700
491841
491894
491944
492196
492221
492265
492369
492607
492618
492686
492758
492762
492837
493022
493244
493250
493476
493612
493620
493773
493831
493887
493918
493978
494040
494128
494135
494316
494438
494507
494711
494735
494755
494812
494883
494914
495024
495065
495067
495100
495232
495288
495294
495302
495346
495377
495422
495519
495600
495639
495783
495823
496136
496242
496263
496453
496624
496769
496927
496992
497190
497196
497315
497426
497549
497562
497587
497588
497809
497821
497920
498063
498156
498262
498427
498476
498485
498569
498589
498595
498710
498874
499148
499277
499296
499792
500028
500055
500129
500243
500354
500359
500383
500560
500769
500963
501108
501223
501240
501285
501298
501370
501459
501525
501718
501810
501852
501876
501914
502210
502338
502344
502352
502358
502618
502696
502726
502832
502838
502850
502980
503182
503229
503280
503299
503324
503370
503413
503512
503634
503667
503679
503691
503694
503736
503740
503764
503820
503849
504041
504051
504191
504197
504215
504351
504388
504450
504542
504610
504803
504891
504900
504904
504990
505006
505332
505461
505733
505859
506062
506489
506602
506603
506796
506817
506914
506968
507244
507284
507287
507323
507388
507534
507798
508070
508080
508315
508343
508453
508527
508554
508612
508673
508781
508831
509008
509082
509144
509217
509276
509335
509400
509536
509536
509673
509826
509965
509977
509978
510060
510090
510169
510179
510353
510495
510608
510923
511316
511323
511351
511463
511590
511622
511637
511726
511922
512027
512137
512148
512164
512173
512177
512283
512285
512309
512335
512431
512507
512847
512856
512916
513104
513325
513407
513702
513860
513932
513940
514270
514355
514512
514587
514717
514879
514958
514995
515392
515450
515650
515684
515786
515812
515831
515969
515998
516090
516176
516254
516304
516397
516416
516590
516661
516662
516735
516989
517114
517145
517513
517865
517897
518065
518083
518088
518124
518199
518222
518289
518560
518570
518581
518602
518678
518757
518801
518809
519058
519111
519185
519259
519370
519466
519639
519655
519821
519875
519992
520150
520378
520405
520423
520504
520521
520634
520911
520917
521001
521203
521323
521405
521500
521522
521533
521684
521806
521830
522006
522024
522075
522095
522343
522517
522774
522816
522857
523145
523180
523213
523366
523426
523432
523449
523450
523588
523771
523952
524006
524045
524163
524215
524295
524351
524428
524448
524508
524558
524789
524829
524851
525046
525103
525116
525137
525220
525290
525398
525504
525805
526072
526212
526346
526358
526506
526604
526610
526673
526680
526757
526938
526968
526975
527010
527145
527485
527493
527602
527825
527903
527940
527961
528129
528150
528410
528446
528905
528957
529025
529108
529353
529500
529518
529637
529663
529859
529973
530162
530244
530261
530302
530404
530493
530508
530687
530762
530813
530864
530890
530996
531166
531474
531869
531876
531925
532092
532108
532226
532263
532302
532305
532342
532438
532506
532680
532710
532720
532783
533041
533060
533297
533491
533604
533625
533633
533891
534022
534261
534303
534353
534373
534603
534729
534831
534834
534855
535062
535229
535253
535321
535334
535356
535648
535666
535828
535945
535985
536029
536279
536345
536412
536432
536466
536502
536776
536799
536837
536925
536957
536991
537133
537231
537318
537456
537666
537672
537978
538417
538426
538580
538630
538939
538998
539068
539116
539290
539453
539478
539527
539598
539625
539774
539873
539970
539993
540074
540080
540143
540201
540845
540849
540851
541032
541093
541460
541613
541723
542149
542206
542251
542317
542693
542700
542713
542719
542773
542807
542996
543069
543087
543472
543496
543606
543626
543789
543790
543845
543874
543919
544238
544293
544355
544374
544393
544496
544794
545164
545380
545523
545594
545683
545774
545866
546024
546084
546356
546431
546443
546676
546922
547289
547668
547669
547774
547814
547846
547875
548236
548401
548456
548548
548857
548905
548983
548997
549011
549050
549110
549121
549124
549231
549294
549427
549466
549473
549648
549912
549985
550000
550044
550079
550088
550243
550300
550459
550494
550597
550703
550707
550909
551109
551136
551196
551209
551404
551439
551470
551670
551708
551717
551732
551803
551910
551988
551996
552162
552203
552277
552385
552480
552556
552627
552691
552727
552779
552786
552984
553071
553129
553252
553420
553457
553465
553520
553537
553559
553654
553658
553675
554015
554107
554108
554141
554207
554251
554349
554469
554591
554659
554778
554799
554809
554853
555009
555254
555325
555352
555355
555437
555542
555788
555824
555955
556206
556339
556342
556405
556656
556788
556789
557046
557387
557495
557577
557707
557961
557968
557987
558177
558187
558207
558299
558378
558409
558462
558603
559114
559192
559252
559482
559580
559590
559841
559842
559905
559916
560015
560176
560278
560392
560638
560779
560865
560924
560949
561009
561083
561086
561323
561442
561489
561519
561563
561630
561666
562002
562159
562164
562368
562381
562490
562521
562643
562656
562734
562960
563184
563322
563502
563546
563566
563607
563637
563869
563877
563920
564036
564050
564105
564123
564433
564483
564528
564918
564984
565124
565133
565155
565297
565427
565501
565506
565532
565611
565626
565778
565978
566033
566288
566293
566328
566335
566548
566567
566677
566784
566795
566848
566903
566913
566998
567166
567268
567270
567411
567585
567692
567704
567814
567874
567967
567984
568075
568115
568555
568564
568602
568620
568672
568822
568876
568905
568911
569394
569406
569475
569732
569877
570059
570227
570309
570527
570785
570892
570893
570944
571210
571350
571411
571418
571501
571534
571560
571686
571873
571967
572264
572591
572644
572713
572936
572943
573042
573078
573093
573182
573505
573585
573617
573675
573678
573702
573706
574007
574028
574046
574049
574184
574373
574553
574586
574602
574704
574781
574902
574912
575000
575014
575042
575128
575218
575230
575287
575449
575461
575589
575589
575707
575863
576019
576129
576131
576204
576248
576404
576658
576667
576748
576755
576952
576979
577010
577233
577754
577756
577759
577844
577875
577875
578029
578113
578188
578189
578521
578526
578721
578758
578900
578908
579259
579281
579489
579536
579557
579559
579609
579614
579634
579820
579856
579866
580136
580306
580345
580505
580559
580682
580714
580775
580852
580871
580931
580954
581093
581095
581100
581202
581228
581282
581289
581444
581485
581580
581601
581855
581991
582001
582059
582082
582099
582147
582163
582176
582407
582483
582491
582714
582758
582815
582851
582859
582937
583018
583021
583069
583078
583111
583147
583180
583215
583454
583600
583620
583640
583884
583926
583952
583998
584248
584330
584504
584678
584720
584935
584942
585085
585606
585998
586008
586520
586612
586886
586947
587002
587061
587126
587248
587412
587416
587431
587563
587622
587676
587682
587684
587746
587819
587936
587962
587992
588057
588141
588174
588377
588521
588525
588696
588720
588731
588750
588819
588879
589083
589142
589182
589234
589268
589274
589287
589420
589442
589540
589611
589648
589697
589747
589765
589836
589860
590098
590499
591518
591546
591943
592081
592220
592570
592669
592791
592821
592766
592921
593028
593147
593233
593291
593498
593578
593801
593912
593988
594275
594294
594382
594453
594479
594526
594557
594618
594773
594777
594815
594847
594906
595028
595187
595457
595485
595649
595758
595758
595764
595794
595855
595878
595988
596012
596159
596267
596292
596305
596320
596335
596406
596476
596493
596507
596530
596768
596788
596790
596841
596991
597385
597431
597456
597473
597496
597877
598323
598350
598422
598580
598732
599096
599100
599140
599348
599361
599425
599473
599545
599609
599712
599813
600032
600266
600300
600306
600321
600661
600704
600918
601053
601068
601263
601350
601434
601444
601448
601581
601582
601586
601589
601673
601693
601861
602008
602045
602128
602410
602451
602517
602610
602720
602769
602837
602934
603260
603330
603660
603701
603967
603987
604003
604031
604094
604445
604625
604713
604721
605014
605031
605040
605268
605304
605495
605516
605563
605637
605640
605670
605705
605855
605908
606077
606147
606181
606190
606269
606300
606332
606337
606340
606395
606446
606716
606830
606921
606981
606992
607012
607073
607115
607219
607378
607463
607580
607598
607630
607659
607748
607900
608064
608213
608416
608457
608503
608507
608588
608622
608647
608650
608673
608856
608975
609304
609435
609437
609493
609730
609939
609978
609987
609992
610043
610066
610092
610125
610171
610570
610592
610755
610852
610910
610911
610921
611044
611250
611288
611331
611373
611456
611461
611553
611681
611707
611740
612022
612185
612306
612322
612426
612477
612608
612651
612904
612989
613024
613258
613258
613314
613502
613529
613732
613933
614020
614174
614246
614253
614319
614630
614690
614705
614856
614977
615030
615031
615348
615496
615892
615895
615945
615999
616234
616520
616535
616554
616593
616702
616861
616926
616978
617170
617298
617528
617543
617566
617623
618027
618058
618171
618183
618199
618332
618547
618723
618723
618844
618944
619002
619339
619409
619443
619514
619553
619639
619814
619913
620030
620290
620359
620359
620403
620424
620444
620542
620641
620687
620741
620919
621042
621072
621086
621124
621366
621396
621397
621458
621486
621490
621633
621643
621702
621848
621884
621892
621897
621987
622003
622087
622153
622512
622590
622625
622742
622892
622973
623112
623114
623205
623222
623309
623311
623371
623400
623431
623449
623464
623596
623779
623784
623942
624024
624114
624130
624291
624358
624422
624480
624689
624779
624871
624953
625145
625319
625446
625468
625583
625650
625713
625879
625927
626065
626288
626355
626409
626436
626458
626548
626708
626844
626937
627021
627224
627444
627456
627575
627759
627871
627890
627914
628315
628445
628470
628530
628543
628679
628865
628946
629057
629249
629257
629286
629325
629461
629492
629626
629946
629958
630080
630253
630342
630689
630723
630882
630883
630931
631311
631318
631429
631591
631600
631602
631703
631783
631845
631866
631948
631979
632125
632180
632224
632230
632256
632304
632454
632556
632615
632749
632756
632765
632770
632916
633063
633090
633112
633211
633299
633327
633545
633545
633614
633684
633744
633865
634071
634211
634222
634256
634287
634393
634427
634589
635086
635127
635161
635213
635423
635433
635512
635676
635708
635817
636050
636159
636235
636267
636327
636498
636605
636723
636727
637161
637225
637312
637381
637472
637507
637520
637574
637579
637662
637723
637846
637903
638097
638167
638418
638509
638816
639025
639038
639170
639230
639339
639567
639666
639835
639859
639860
640018
640032
640070
640146
640221
640274
640440
640643
640959
641309
641321
641326
641379
641447
641517
641557
641654
641806
641891
641931
642157
642478
642524
642527
642572
642579
642789
642876
643386
643389
643484
643488
643704
643852
644098
644129
644317
644326
644370
644389
644463
644610
644736
644755
644921
644985
645324
645376
645502
645538
645699
645872
645984
646020
646266
646272
646312
646318
646440
646501
646581
646667
646982
647167
647230
647281
647332
647426
647472
647500
647506
647516
647562
647678
647727
647810
647871
648123
648204
648224
648373
648384
648489
648518
648544
648615
648618
648725
648821
648927
648972
649201
649203
649204
649546
649667
649736
649756
649766
649840
649965
649976
650208
650316
650383
650778
650872
650934
650952
650955
651003
651029
651171
651722
651943
652010
652228
652372
652397
652513
652557
652636
652718
652778
653198
653220
653263
653276
653319
653575
653602
653677
653741
653800
653848
653872
654020
654093
654174
654244
654448
654452
654483
654517
654777
654871
654894
655343
655494
655647
655844
656014
656101
656116
656212
656307
656396
656564
656621
656831
656883
656917
656927
657089
657114
657497
657545
657843
657885
657911
657929
657971
658106
658191
658201
658256
658395
658433
658529
658574
658591
658591
658847
658876
658982
659095
659138
659284
659354
659563
659719
659755
660012
660118
660125
660230
660284
660324
660471
660497
660511
660595
660706
660709
661025
661041
661146
661210
661229
661257
661459
661470
661604
661680
661785
661937
661992
662050
662063
662145
662152
662255
662296
662639
663020
663020
663025
663057
663213
663562
663638
663861
664006
664148
664173
664703
664984
665084
665519
665528
665540
665569
665682
665695
665932
666057
666071
666097
666173
666356
666546
666860
667235
667249
667377
667409
667445
667510
667542
667575
667636
667694
667763
667842
667899
668113
668511
668674
668693
669093
669303
669304
669490
669850
670331
670526
670614
670623
670982
670986
671069
671319
671362
671470
671557
671589
671599
671719
671822
671876
671886
672271
672391
672681
672720
672781
672823
672853
672901
673030
673045
673471
673606
673633
673746
673770
673911
674076
674085
674273
674306
674403
674409
674437
674667
675254
675441
675509
675643
675662
675786
675835
675861
675939
675947
676159
676196
676279
676314
676318
676506
676544
676629
676633
676767
676918
676960
677039
677106
677132
677335
677362
677428
677565
677758
677813
677817
677838
677906
677985
678074
678248
678379
678387
678407
678485
678830
679082
679130
679417
679436
679524
679529
679558
679568
679684
679896
679935
680092
680199
680472
680485
680495
680598
680645
680649
680660
680817
680827
680892
680953
681046
681084
681124
681126
681203
681229
681358
681383
681459
681538
681659
681916
681924
681937
681952
681988
682012
682097
682132
682155
682397
682440
682475
682544
682674
682706
682787
682837
683116
683179
683256
683328
683362
683519
683581
683664
683772
683890
683894
683998
684053
684440
684586
684604
684625
684650
684673
684852
685042
685064
685312
685340
685425
685478
685479
685511
685531
685823
685882
685939
685993
686171
686339
686341
686376
686391
686450
686559
686580
686648
686669
686768
687206
687237
687362
687547
687706
687868
688025
688044
688170
688206
688261
688406
688655
688716
688744
688753
688845
689012
689089
689120
689136
689226
689420
689479
689713
689765
689823
689830
689844
689904
689952
689977
689989
690011
690199
690240
690283
690469
690499
690515
690529
690767
691195
691222
691368
691757
691814
691832
691876
691877
691957
691972
692032
692062
692219
692261
692336
692553
692634
692682
692840
692918
693075
693128
693295
693418
693622
693633
693736
693835
693853
693958
694017
694055
694100
694188
694289
694318
694651
694705
694867
694877
695162
695262
695386
695492
695502
695616
695775
695854
695901
696014
696060
696164
696168
696293
696304
696457
696555
696563
696593
696704
696756
696961
696984
697189
697256
697401
697448
697449
697569
697588
697615
697690
697842
697910
698152
698442
698697
698719
698772
698959
698972
699087
699112
699282
699400
699981
699997
700275
700473
700643
700773
700932
700967
700999
701029
701192
701290
701424
701476
701567
701604
701691
701982
702157
702160
702174
702178
702231
702240
702366
702449
702473
702490
702503
702585
702689
702754
702868
702954
703031
703044
703296
703336
703437
703529
703571
703807
703938
703975
704258
704265
704389
704619
704651
704699
704890
704960
704971
705081
705087
705107
705167
705167
705195
705211
705359
705481
705506
705605
705822
705977
706042
706051
706097
706197
706482
706679
706787
706984
707190
707329
707356
707430
707641
707719
707824
708379
708434
708440
708461
708493
708597
708647
709065
709272
709585
709691
709756
709891
710034
710169
710307
710464
710661
710683
710685
710935
710980
711277
711354
711366
711607
711816
712402
712606
712709
712722
712784
712820
712847
712878
713400
713638
713694
713905
714035
714105
714134
714137
714150
714163
714194
714384
714411
714417
714433
714542
714564
714595
714654
714661
714768
714789
714870
715074
715283
715368
715467
715517
715592
715611
715671
715744
715946
715977
715997
716084
716169
716661
716692
716697
716710
716802
716852
716860
717034
717085
717097
717313
717472
717685
717727
717737
717829
718149
718359
718448
718541
718565
718615
718653
718692
718976
719040
719367
719529
719777
720066
720118
720213
720330
720353
720604
720634
720693
720775
720898
720982
721049
721078
721094
721250
721410
721490
721602
721741
721845
721944
721951
721959
722094
722155
722171
722248
722382
722523
722594
722636
722640
722713
722726
722794
722946
723228
723334
723371
723464
723536
723724
723758
724034
724231
724410
724687
724968
724986
725109
725327
725416
725572
725667
725678
726130
726222
726355
726404
726546
726673
726752
726899
726992
727108
727143
727193
727215
727529
727577
727693
727712
727752
727773
728121
728200
728317
728450
728589
728626
728632
728684
728702
728834
729397
729450
729459
729527
729574
729575
729717
729748
730010
730027
730127
730214
730331
730349
730375
730385
730430
730475
730485
730542
730564
730879
730900
730988
731026
731031
731118
731641
731727
731734
732023
732063
732097
732399
732452
732670
732768
732835
732856
732900
733121
733184
733190
733344
733381
733437
733502
733551
733569
733648
733801
734170
734252
734254
734279
734294
734525
734620
734903
735008
735340
735341
735448
735563
735593
735636
735642
735736
735809
736113
736481
736588
736620
736645
736795
736862
736978
737042
737175
737287
737303
737403
737494
737502
737578
737685
737700
737736
737746
738010
738212
738444
738586
738714
739030
739052
739068
739210
739310
739514
739549
739575
739593
739628
739732
739734
739848
739899
739917
739931
740067
740076
740105
740110
740144
740181
740231
740288
740346
740391
740392
740520
740535
740655
740868
740878
740982
741008
741030
741199
741240
741372
741456
741661
741788
741859
741859
742130
742397
742419
742439
742533
742540
742658
742726
742777
742778
742823
742934
742940
742966
743152
743298
743313
743346
743364
743497
743515
743631
743649
743718
743736
743982
744004
744172
744234
744329
744434
744665
744666
744902
744938
745035
745035
745320
745377
745520
745596
745732
745767
745813
745948
745970
745972
746065
746167
746176
746296
746459
746548
746798
746921
746941
746993
747231
747270
747376
747427
747429
747526
747563
747733
747899
747952
747977
748179
748370
748940
748953
749077
749089
749184
749418
749668
749712
749752
749810
749954
750177
750232
750252
750472
750973
751235
751340
751489
751612
751644
751703
751756
751873
752013
752216
752225
752546
752557
752699
752871
752993
753046
753085
753135
753294
753348
753531
753587
753796
753898
754057
754107
754161
754164
754315
754341
754390
754444
754519
754673
755024
755092
755146
755240
755274
755287
755308
755671
755728
755750
755958
756110
756124
756315
756345
756353
756754
756820
756889
756907
756972
757051
757402
757515
757515
757719
757961
757998
758109
758245
758316
758462
758529
758579
758644
758663
758792
758810
758892
759047
759074
759092
759199
759203
759254
759283
759300
759330
759784
759872
760008
760107
760227
760442
760470
760652
760710
761174
761250
761291
761351
761361
761411
761469
761591
761648
761804
761824
761835
762070
762072
762165
762265
762273
762317
762421
762605
762633
762659
762673
762715
763226
763244
763414
763426
763671
763676
763948
763958
764002
764160
764294
764387
764528
764537
764569
764595
764602
764618
764647
764899
765058
765174
765179
765344
765481
765776
765921
765992
766016
766131
766363
766376
766754
766759
766759
766832
766837
766917
767144
767202
767293
767572
767620
767681
767689
767743
767876
767984
768039
768169
768173
768195
768700
768781
768855
768972
769047
769069
769223
769295
769297
769362
769387
769404
769541
769646
769656
769961
770131
770134
770250
770308
770326
770607
770976
770979
771191
771246
771303
771358
771634
771740
771755
771768
771846
771861
771927
772398
772426
772685
772792
772794
772862
772979
773162
773204
773344
773760
773827
773858
773941
774039
774071
774255
774291
774376
774472
774520
774523
774607
774649
774656
774769
774853
775076
775138
775142
775181
775447
775635
776095
776353
776637
776668
776671
776694
776862
777010
777105
777301
777577
777907
777961
778145
778335
778382
778619
778736
778839
778951
779033
779233
779351
779419
779423
779443
779447
779461
779716
779745
779825
779940
780015
780136
780273
780291
780350
780396
780430
780432
780534
780539
780617
781333
781342
781459
781592
781672
781727
781835
781895
782099
782102
782191
782255
782274
782355
782405
782405
782470
782621
782828
782849
782978
782996
783181
783191
783327
783486
783559
783559
783661
783664
783966
783976
784129
784147
784201
784209
784394
784407
784411
784441
784443
785022
785081
785331
785406
785507
785704
786006
786011
786109
786329
786341
786363
786686
786788
786849
786870
786882
786991
786994
787016
787162
787259
787439
787462
787470
787542
787614
787720
787966
788265
788509
788524
788538
788661
789029
789040
789108
789239
789265
789405
789584
789670
789763
789848
790002
790026
790055
790171
790212
790226
790226
790388
790540
790586
790769
790880
790963
790976
791151
791157
791266
791358
791575
791642
791987
791994
792198
792206
792349
792480
792696
792702
792711
792739
792750
792924
792934
793012
793306
793514
793529
793757
793786
793795
793853
794058
794198
794237
794319
794401
794422
794458
794474
794524
794680
794734
794784
794787
794809
794901
794976
795002
795025
795034
795047
795076
795506
795652
795665
795935
795946
795995
796254
796522
796697
796818
796833
796849
796904
796959
797045
797076
797093
797421
797780
797834
797853
797930
797931
798006
798069
798129
798521
798541
798694
799073
799109
799207
799705
799928
800270
800313
800340
800625
800686
800693
800884
801363
801533
801556
801677
801835
801942
801951
802242
802361
802407
802530
802681
802796
802835
802852
802978
803267
803410
803470
803573
803926
803992
804116
804482
804550
804569
804766
804898
805299
805323
805334
805627
805996
806022
806090
806130
806303
806341
806370
806386
806446
806519
806695
806705
806771
806802
806807
806858
807079
807178
807293
807549
807760
807773
808240
808251
808275
808290
808464
808658
808809
808890
808924
809177
809298
809352
809368
809369
809375
809400
809531
809552
809585
809715
809754
809763
809969
810058
810061
810100
810121
810131
810157
810668
810921
810942
811161
811261
811322
811383
811407
811647
811791
811874
811901
811938
811938
811947
812090
812165
812270
812315
812339
812371
812394
812446
812503
812582
812621
812653
812672
812811
812994
813007
813032
813093
813273
813280
813351
813439
813718
813737
813821
813852
814019
814063
814099
814129
814295
814576
814681
814785
814879
815004
815111
815177
815218
815456
815610
815803
815965
816074
816091
816122
816165
816227
816409
816495
816567
816685
816866
817228
817358
817594
817701
817762
817788
817811
817977
818095
818097
818259
818263
818263
818281
818315
818341
818487
818570
818594
818643
818840
819203
819254
819285
819373
819441
819560
819582
819599
819602
819738
819990
820250
820411
820495
820721
820731
820824
820967
821107
821337
821598
821739
821761
821973
822083
822089
822103
822111
822271
822281
822596
822656
822670
822773
822845
822878
822880
822913
822978
823092
823415
823418
823688
823999
824142
824171
824383
824550
824555
824594
824595
824602
824691
824752
825145
825189
825251
825429
825598
825603
825979
825983
826018
826039
826188
826245
826311
826331
826414
826428
826471
826566
826597
826779
826823
826966
827103
827258
827420
827567
827592
827648
827649
827677
827696
827843
827844
827865
827893
827908
827965
828168
828237
828253
828258
828261
828461
828466
828478
828882
829026
829063
829155
829240
829398
829470
829593
829643
829658
829768
829770
829843
830321
830368
830394
830416
830447
830552
830559
830580
830594
830765
830768
830857
830868
830964
830979
831063
831067
831261
831337
831370
831492
831492
831530
831559
831810
831843
831880
831984
832028
832064
832205
832378
832397
832872
832971
832989
833028
833193
833196
833539
833638
833735
833765
833767
833803
833941
833975
834047
834169
834250
834250
834346
834395
834523
834654
834709
834807
834877
834987
835086
835213
835323
835515
835670
835687
835704
835731
835765
835771
835832
835877
835896
836186
836210
836564
836649
836881
837047
837130
837161
837172
837242
837315
837324
837378
837749
837769
837818
837819
837986
838181
838237
838548
838643
838710
838731
838822
838877
838937
838956
838965
839067
839227
839352
839520
839529
839741
840126
840147
840264
840431
840657
840815
840846
840912
840988
841079
841136
841186
841293
841302
841321
841403
841513
841544
841709
841866
841936
841950
842051
842342
842434
842485
842609
842616
842701
842886
842957
843009
843223
843265
843331
843351
843461
843514
843552
843597
843770
843787
844023
844057
844107
844128
844178
844188
844310
844315
844335
844455
844462
844643
844685
844697
844757
844938
845253
845421
845479
845533
845548
845585
845619
845728
846135
846182
846233
846287
846364
846384
846486
846562
846657
846694
846743
847220
847261
847299
847376
847666
847764
847780
847868
848027
848126
848134
848176
848312
848316
848327
848360
848391
848562
848738
848871
848903
848908
848970
849034
849107
849311
849387
849415
849422
849549
849769
849836
849868
849904
850201
850258
850284
850411
850447
850993
851052
851372
851392
851420
851552
851596
851610
851734
851986
852021
852128
852190
852212
852283
852483
852597
852692
852757
852847
852886
853025
853214
853340
853516
853629
853704
853823
853936
853982
854177
854201
854212
854213
854305
854311
854351
854697
854766
854828
854833
855058
855155
855230
855240
855383
855462
855720
856027
856224
856349
856527
856662
856853
856897
857085
857118
857133
857140
857403
857444
857504
857541
857577
857900
858109
858144
858235
858612
858633
858880
858932
859030
859031
859043
859079
859136
859165
859215
859318
859350
859385
859662
859672
859699
859708
859778
859869
860038
860149
860229
860249
860289
860387
860391
860518
860535
860632
860777
860830
860883
861241
861259
861566
861620
861691
861752
861902
862226
862438
862514
862582
862594
862832
862924
863060
863139
863418
863431
863775
863780
863894
863927
863999
864054
864102
864238
864262
864281
864303
864786
864802
864817
865060
865245
865425
865623
865791
865797
865938
865953
866101
866367
866421
866541
866569
866588
866601
866761
866848
866909
866912
867023
867047
867527
867653
867737
867821
867888
868027
868035
868328
868359
868398
868553
868566
868673
868705
868895
868958
868970
869028
869139
869152
869339
869355
869518
869705
869966
870034
870077
870331
870449
870626
870771
870780
871002
871072
871101
871101
871114
871179
871214
871270
871360
871558
871562
871610
871711
871746
871772
871788
871956
872172
872237
872296
872355
872400
872515
872620
872779
872849
873018
873105
873303
873627
873800
873896
874059
874327
874500
874765
874858
874906
874956
875005
875050
875380
875384
875577
875627
875713
875784
875786
875914
876047
876123
876197
876252
876266
876300
876351
876377
876744
876811
876819
876831
876840
876857
876926
876947
876961
877000
877037
877061
877090
877097
877132
877195
877562
877905
878354
878450
878527
878556
878601
878807
878875
878916
879260
879391
879475
879561
879578
879737
879766
879792
879866
879868
879889
879893
879940
880115
880142
880172
880292
880293
880378
880463
880589
880608
880727
880729
880769
880964
881184
881229
881331
881347
881393
881545
881572
881643
881651
881710
881866
882000
882294
882342
882443
882548
882619
882619
882726
882743
882797
882969
883103
883228
883229
883287
883409
883412
883526
883588
883804
883881
884049
884184
884312
884336
884541
884602
884617
884752
884842
884916
884920
884957
884987
885105
885118
885118
885282
885330
885560
885645
885706
885750
885773
885963
885991
886549
886594
886748
886852
886903
886946
886980
887015
887029
887180
887218
887355
887666
887893
887912
887981
888020
888120
888131
888177
888620
888669
888717
888820
888875
888903
888950
889008
889067
889180
889182
889200
889354
889398
889478
889519
889771
889855
889872
889907
890012
890034
890068
890103
890304
890434
890487
890502
890611
890622
890655
890669
890762
890912
890957
891019
891069
891185
891424
891506
891585
891601
891661
891675
891686
891759
891808
892099
892139
892203
892204
892225
892260
892359
892422
892449
892475
892638
892871
893069
893100
893597
893631
893804
894274
894372
894423
894446
894465
894496
894659
894682
894726
894747
894841
894953
895000
895028
895122
895372
895407
895522
895532
895535
895691
895851
895948
896018
896057
896280
896309
896445
896544
897154
897192
897277
897603
897742
897802
897968
898001
898014
898168
898175
898326
898402
898450
898496
898544
898560
898637
898812
898913
898950
899099
899110
899111
899183
899476
899484
899630
899654
899719
900224
900304
900476
900542
900602
900666
900792
900804
900831
900868
900904
900917
901060
901233
901234
901252
901305
901569
901606
901617
901777
901803
901967
902064
902072
902146
902241
902401
902883
902901
903056
903303
903628
903811
903947
904038
904180
904277
904306
904369
904552
904573
904620
904778
904789
904865
904885
904890
904951
904968
905031
905067
905113
905156
905348
905419
905529
905551
905560
905676
905685
905731
905793
905867
905903
905958
906074
906095
906202
906227
906242
906308
906345
906673
906693
906695
906707
906823
906829
906838
907155
907278
907306
907306
907447
907458
907614
907657
907676
907832
907992
758394
908113
908119
908289
908293
908369
908403
908446
908569
908671
908765
908949
909000
909041
909331
909836
909915
909997
909997
910083
910085
910269
910397
910415
910474
910592
910777
911155
911281
911286
911326
911667
911895
911948
912011
912120
912228
912698
912720
912756
912855
912913
912969
912972
913005
913029
913166
913315
913403
913572
913722
913819
913861
913968
913974
913978
914002
914029
914146
914181
914274
914300
914306
914419
914534
914545
914601
914641
914717
914776
914793
915042
915119
915257
915260
915593
915628
915788
915839
915861
915920
916000
916143
916184
916187
916311
916440
916468
916524
916594
916610
916695
916732
916916
916975
917037
917046
917135
917346
917506
917847
918023
918303
918391
918598
918659
918675
918749
918832
918893
918899
918910
918924
919225
919260
919498
919951
920003
920065
920225
920292
920436
920609
920693
920743
920765
920766
920857
920927
921017
921057
921082
921091
921178
921207
921254
921307
921383
921440
921632
921833
922015
922061
922131
922220
922252
922297
922470
922520
922673
922698
922942
923004
923010
923015
923048
923143
923174
923175
923196
923201
923266
923475
923548
923563
923617
923684
923820
923980
924136
924226
924367
924540
924671
924711
924826
924930
925050
925054
925118
925159
925176
925340
925397
925434
925502
925601
925672
925713
925919
926100
926117
926150
926320
926486
926637
926659
926664
926763
926785
926831
926916
927100
927128
927216
927341
927448
927611
927717
927748
927930
927999
928117
928270
928332
928351
928431
928498
928550
928591
928632
928665
928780
928784
928799
928860
928872
929190
929253
929525
929704
929757
929802
929922
929974
930182
930337
930375
930433
930546
930574
930782
930868
930918
931071
931104
931171
931218
931232
931252
931334
931376
931583
931595
931609
931692
931740
931831
932060
932108
932136
932153
932322
932487
932548
932747
932783
932955
933181
933232
933356
933418
933546
933634
933822
934065
934078
934087
934338
934405
934470
934666
934743
934816
935005
935144
935069
935403
935483
935714
935757
935765
935825
935860
935863
935938
935964
935974
936066
936191
936339
936406
936585
936653
936975
937050
937122
937272
937850
938091
938259
938264
938278
938340
938360
938461
938482
938644
938689
938857
938937
938940
939304
939429
939560
939600
939673
939731
939787
939872
939924
939952
940039
940044
940073
940110
940330
940375
940617
940700
941210
941501
941922
942001
942133
942149
942168
942486
942494
942504
942609
942920
943040
943111
943225
943360
943405
943462
943487
943511
943539
943573
943641
943769
943994
944189
944267
944278
944308
944485
944517
944762
944770
944848
945013
945060
945072
945104
945127
945274
945283
945579
945607
945751
945826
945919
946146
946264
946320
946517
946527
946635
946640
946707
947005
947044
947142
947146
947161
947206
947209
947314
947438
947533
947717
947795
947798
947973
947988
948213
948233
948267
948476
948487
948514
948622
948763
948769
948811
948900
948955
948992
949100
949276
949302
949381
949464
949516
949630
949652
949662
949708
949782
949891
949901
949901
949934
950033
950131
950159
950435
950473
950546
950573
950586
950686
950834
950906
951006
951072
951106
951276
951310
951520
951540
951552
951627
951896
952087
952137
952520
952674
952899
953098
953299
953428
953499
953781
953891
953950
953954
954057
954069
954213
954424
954503
954749
954876
955150
955183
955207
955221
955248
955435
955455
955463
955592
955617
955632
955916
955916
955931
956103
956157
956321
956539
956567
956610
956681
956811
957027
957337
957383
957397
957545
957673
957684
957707
958093
958113
958240
958370
958528
958833
958883
958997
959035
959044
959085
959165
959188
959247
959314
959384
959481
959509
959573
959625
959754
959945
960120
960198
960200
960229
960239
960317
960322
960380
960544
960622
960754
960870
960884
960922
960969
961098
961153
961155
961306
961403
961437
961485
961486
961539
961580
961599
961741
961777
961953
962020
962065
962097
962124
962150
962196
962276
962288
962306
962364
962515
962593
963021
963071
963134
963185
963408
963542
963716
963876
963913
964037
964125
964185
964284
964363
964404
964520
964605
964963
965379
965405
965468
965493
965672
965681
965787
965790
965801
965819
965833
965972
965986
966173
966236
966259
966300
966562
966930
966997
967061
967206
967327
967340
967464
967533
967547
967749
967810
967914
967926
968010
968182
968183
968249
968284
968296
968387
968586
968645
968930
968969
968973
969227
969264
969339
969503
969674
969895
969972
969974
970101
970159
970183
970306
970353
970360
970502
970527
970556
970660
970837
970859
970968
970997
971096
971105
971128
971224
971246
971297
971322
971325
971326
971396
971457
971659
971915
971933
972001
972023
972037
972527
972539
972557
972626
972695
972722
972776
972967
973046
973059
973077
973077
973237
973277
973454
973480
973657
973708
973746
973777
973925
974059
974237
974408
974429
974513
974563
974688
974701
974778
975175
975185
975246
975361
975409
975444
975585
975605
975751
975783
975784
975886
975987
976226
976276
976370
976461
976551
976710
976923
976956
976992
977062
977116
977177
977317
977493
977496
977631
977682
977727
978010
978064
978118
978160
978164
978249
978367
978497
978563
978597
978617
978625
978646
978680
978834
979109
979129
979131
979169
979195
979218
979433
979904
979996
980063
980147
980187
980362
980382
980389
980397
980447
980612
980637
980643
980712
980814
980834
980927
981023
981147
981228
981258
981325
981479
981485
981495
981543
981577
981625
981734
981804
982154
982306
982379
982446
982467
982471
982482
982503
982597
982840
983108
983520
983526
983629
983632
983746
983822
983856
983937
983996
984049
984098
984209
984228
984279
984369
984436
984455
984472
984579
984624
984688
984705
984903
984947
985013
985106
985477
985485
985639
985644
985721
985804
985867
986000
986113
986146
986237
986379
986401
986527
986617
986618
986620
986772
986831
986842
986860
986897
986967
986998
987087
987129
987146
987296
987528
987592
987896
988108
988442
988516
988623
988648
988696
989109
989363
989402
989406
989476
989566
989615
989660
989678
989738
989889
989997
990123
990141
990173
990217
990261
990683
990752
990816
990842
990917
990930
990937
991120
991208
991291
991444
991536
991705
991885
992121
992151
992225
992300
992456
992526
992658
992672
992830
993042
993065
993071
993109
993241
993383
993672
993820
993847
993851
993981
994085
994141
994349
994262
994360
994475
994495
994546
994620
994641
994637
994675
994752
994944
995043
995073
995121
995165
995335
995392
995472
995565
995713
995713
995743
995746
996046
996292
996384
996410
996595
996617
996781
996872
996916
996930
997161
997388
997490
997751
997989
998365
998403
998664
998695
998783
998786
998854
998856
998877
999272
999321
999386
999511
999647
999686
999686
999757
