100
2176
6084
8264
9893
15575
16534
23874
21520
60338
66731
80185
78478
87513
127582
138527
139125
150424
175889
184059
205273
214711
221359
231831
233107
234318
244547
254311
273871
278231
280314
297841
301834
333648
336067
336843
346730
348858
363758
370480
371653
377586
380687
397248
420997
427336
428799
450657
455685
462698
471569
472591
479503
492503
494990
495630
498858
499136
500767
517398
527653
531542
538043
552469
560734
577853
582493
587747
592892
594005
614299
616074
643203
688468
716116
722110
722208
731327
741279
741704
809684
825071
834793
838938
857849
860025
864251
876663
901854
895271
909419
912613
917812
913533
923517
932807
950250
957513
963063
959690
994766
