1000
665
5256
6714
8973
9153
9303
9711
10072
10720
10974
11117
11880
12555
13991
14527
15203
17963
15293
19125
19317
20729
21708
22912
23095
23149
24084
24127
24273
25364
27142
27271
28212
28715
29576
29611
29688
30672
30808
31786
32165
34334
34399
34454
35649
36197
36203
38758
39739
39941
40513
42034
45017
46274
46297
48066
46486
48635
50358
52443
52749
53305
55276
58311
59693
60418
60545
61258
64169
64230
65356
65978
66996
69308
72493
73127
73636
73766
77874
79774
80143
80259
84059
84824
84987
85063
86223
86847
87762
89483
89970
92341
96070
97293
98664
101534
101952
101974
102054
104118
104135
104193
106877
107144
107637
110986
107652
112159
112680
113155
114597
116117
117553
117605
118901
119748
120039
121733
122459
126099
125794
129361
130505
132492
132844
135291
136261
136344
136870
138917
139595
139687
140636
140988
141571
144686
145888
146608
147715
148367
148643
148750
152605
153455
154678
159670
159833
160113
160490
163844
165539
166685
173555
173815
174679
174698
175897
176261
176721
177183
177506
178556
179050
179516
180573
183551
185998
186864
187308
187857
187892
188970
189034
189264
189505
190883
191271
191749
192912
193402
196910
200449
200595
204499
205348
207324
209318
209528
210467
211548
211963
214289
214746
216328
216499
216518
218160
219152
221323
222004
222442
223432
223712
224263
224628
224699
225458
225861
226271
226595
226924
228620
230488
232102
234490
235220
235293
235900
236399
237351
238881
240665
241430
241742
242251
242655
243239
243798
245434
246667
247411
248198
248225
248981
249073
251941
252079
252436
252601
252817
253257
254578
257330
257688
257954
259306
259520
261527
261729
265443
265822
266148
266840
268406
268857
269147
269779
270024
270580
270619
271107
271258
271428
273027
273647
274169
274207
274585
276374
276653
276809
277031
277319
278355
279138
279174
280289
280641
287533
289318
289942
289989
290721
291249
291793
292092
293061
293234
293354
294769
298398
299757
299855
299868
300517
300564
302919
303951
304424
306578
306890
309046
309833
312055
312809
314799
315187
315269
315675
322715
325350
325520
326802
327982
328931
329414
329467
330248
331659
332273
333871
334760
335225
336579
339284
339314
339588
342100
344655
349262
349552
349885
350050
351415
351544
351970
352371
352497
352786
352843
354590
354835
356140
357935
359405
360973
361843
366774
367324
368370
369691
370460
371324
372362
374643
374981
375336
377417
377506
379128
380121
380972
381110
384368
385909
387150
388452
389013
390172
391078
391944
392940
393107
394474
395457
396208
396297
396307
397641
398081
398276
399201
400047
400466
404291
404399
404400
405510
406462
406501
407158
408613
409471
411610
412163
412725
413119
414556
414572
417220
418941
419289
419589
421160
421205
421464
421886
422211
423174
423338
423817
428132
428933
431189
431244
431854
431885
432089
433510
436082
437276
437515
438485
440552
440589
442986
445390
446181
448295
448595
449049
450040
451100
451130
452296
457922
458916
459666
460446
460687
463549
463587
463640
464414
465839
466641
467151
468267
470449
472439
473324
473664
475405
475938
476640
477611
478229
479305
479410
479687
481677
484027
485689
486067
486449
487100
489157
489591
490352
490668
492800
492830
492916
494887
495206
495221
495977
496251
499511
499802
500601
500715
501368
504496
504946
506151
506519
509052
509462
509960
510585
511428
512774
513940
516334
519047
522198
523539
524618
526514
528198
528480
529378
529556
529969
532751
533452
535005
535706
535926
536191
537501
537633
537793
538100
538526
539643
539846
541295
541766
542867
542978
542991
543924
545140
545388
546022
546221
547444
547568
550269
550277
550786
550822
550860
554339
554394
555260
557318
558309
558893
559913
559993
563439
563960
565247
565257
565647
567320
567620
568199
569556
569737
569935
570677
570914
573863
575384
575394
576135
581939
582773
583273
584700
588604
589164
589718
593186
593316
593668
593852
597843
598912
599072
605166
605555
606433
607837
607853
609118
609265
610369
612600
613343
614138
615614
615644
615688
616871
617593
617752
618304
618781
619407
619964
620192
623227
623289
623738
625120
625171
625615
626341
626696
628037
628432
628894
631204
634986
635061
635632
638602
638612
642114
643317
644438
644741
645906
646153
646956
647084
648620
650356
650866
650937
653538
654816
655324
655417
655610
655671
656107
656967
658491
658870
659526
659731
659883
660316
660719
661453
661628
661985
662294
662719
664920
665163
665480
666009
666650
666760
667548
667901
670635
672069
672444
672521
675102
675103
676959
677959
678338
679491
680186
680840
682360
682463
683543
684764
684801
685349
685862
687367
688561
694658
695283
695368
696589
697159
697589
697964
698046
698783
700724
700888
703527
704369
705663
706532
707033
708114
708646
710284
711144
711323
711346
712841
714721
717743
718171
718859
718964
719843
720566
721599
721770
722481
722916
723218
723392
723693
725403
726665
730048
731506
732744
733123
733592
734103
734257
734500
735488
736039
737194
738094
742171
744295
746964
747231
747552
747814
748299
748942
749355
750048
751246
751473
752397
752924
754719
755521
756580
756803
756842
756879
757707
759995
760109
760394
760652
762791
765288
769703
769915
771296
771766
772049
772557
773015
774213
774982
776001
776483
778175
780897
781130
782456
784350
785133
788138
789199
791103
791765
793603
795905
797039
797139
797576
798297
799172
799818
799847
800754
800844
801593
801965
802297
802440
802640
803185
804162
804740
805405
805715
807160
807496
808218
808645
808676
809046
809206
811201
811960
812228
812355
813384
813542
816129
816777
817458
817896
818095
819559
820577
820782
821153
823152
824500
824526
826086
826793
827565
827589
828733
829027
832067
832431
833542
837370
838828
839512
840331
841799
842968
843497
845047
845798
850217
851303
852129
853607
853791
857035
857842
858613
858869
859256
860145
861809
863042
864268
864736
864888
865473
866428
866596
868386
868639
868818
869759
872363
873894
876952
877929
879557
880359
881315
881653
881896
882235
882334
883154
883388
884000
884599
885646
885734
885866
885971
886002
887469
888017
889281
889512
889663
891738
892301
892841
895903
895995
896054
896311
896657
897561
897941
899943
900197
901085
901296
903087
904730
906910
907223
908506
910824
910980
911352
912600
912843
913407
914353
915828
918191
918745
919347
920106
921463
921757
922624
922783
922849
924310
924338
924430
924534
925561
926687
927344
927650
927921
928139
930406
931447
931579
934838
935448
935994
936092
937233
937391
937870
939267
942569
942762
942874
943275
945011
947266
945149
947918
948393
948769
948851
949052
951375
953162
953269
953554
954498
954600
954789
956710
957012
957798
959888
960361
962249
963182
963878
964246
965549
966475
966553
970058
970218
971246
972716
973377
974450
974774
976157
976271
976287
977899
981767
982481
982930
983886
984425
984586
985238
985630
986766
986825
988831
991855
993265
993365
996753
998094
998458
