100
962380
892378
295905
580534
34356
859834
8124
518494
102208
835144
738186
864053
548764
997633
695146
183380
599577
136089
316708
875310
555246
733778
879808
275307
41319
881840
971899
673785
953427
460270
522430
915807
869001
818336
12693
903357
678170
20818
938203
296731
372314
192741
677136
437430
706727
888634
620810
306304
541076
453871
697966
96322
704001
94127
887981
745320
975967
859881
419106
929394
836503
457888
845201
705504
276224
374246
125213
470747
911416
579768
283830
800082
288862
477318
237512
995589
365952
374675
818245
907028
344898
32564
519703
48899
126691
924036
310572
102658
783917
246030
548404
136773
703918
909957
358629
496495
284203
195
483594
195620
