1000
544840
464192
622684
189258
962434
492704
906874
299797
886940
335515
969587
127701
949329
881000
281651
434954
630170
782898
228719
316208
192347
671017
631919
348716
993149
737402
311910
756150
109729
154702
84310
170922
618895
223347
360180
581329
232403
267054
397478
119343
118922
367065
247045
584603
764418
528696
19557
394588
827946
248276
227148
536646
435645
859067
885362
428794
596469
713624
184945
222551
868327
785607
909825
3574
525306
270005
101255
757710
53411
498734
877053
172333
382151
640450
756936
146569
685498
292845
57509
513445
541122
284658
50091
493119
660077
451805
921914
772899
165429
623211
511802
550108
408818
421627
553682
450477
691632
171290
208187
745043
670024
601592
433729
52175
242043
190665
715097
927541
483511
772606
957338
540985
573616
523781
34104
750046
491938
472370
522945
657368
95581
551099
723828
20752
972726
793863
471229
180710
965153
195768
442105
151529
797360
875834
203704
39403
582852
435153
483297
582715
207760
956987
640052
297728
480769
190508
47774
972707
662879
87071
146427
274812
638170
386608
811916
127248
180471
799497
307958
661976
995265
266416
813505
308978
658602
533561
348381
241454
968715
348030
824169
692827
305018
980573
990555
302139
171082
554682
791198
350313
158105
453978
625125
796276
840586
953394
439876
537409
752891
264187
199385
264509
530603
529242
573487
189205
62803
438220
947012
547870
302603
287533
240697
123973
268107
747605
426112
439189
818639
733662
789502
976744
187640
930979
289372
544578
884373
729249
598339
153617
993436
797724
934478
40391
326966
507965
745948
906122
462537
692960
453992
765140
980494
211042
405465
248601
958647
831577
204142
777286
81592
509996
754030
785584
440975
43403
330163
841701
289004
444854
995318
798792
242579
446148
355535
85897
954113
101483
508371
933002
794444
962364
214495
291290
689758
619960
56243
648405
967890
260385
942043
565834
770381
696073
351418
727708
255828
197933
569409
61184
642788
81079
859976
401719
527227
215511
3968
997692
833347
512340
930695
627791
991056
661542
435433
680814
797854
491676
845571
765744
752061
787614
331578
38794
39
199349
766502
772220
397282
335912
833404
40070
933343
209733
441789
460571
941596
962110
458263
774943
474450
905310
919086
981858
566852
870871
179024
364707
362547
24595
646803
630960
328561
494734
669754
328600
694083
436257
100820
91365
288521
450577
647788
221864
176662
605929
682435
118258
568039
657051
409554
558841
562361
844992
540699
645566
715864
236075
526625
594763
260670
173428
225724
589231
184514
895478
434184
878597
331735
535004
486315
136608
501933
134103
358473
678595
740032
557260
313206
824424
214311
239112
383265
293025
84104
440317
938591
316320
676392
465216
911084
453415
154996
136808
558998
339511
32286
993182
218108
880374
528187
220775
533334
546472
354878
891807
225068
611263
965420
54626
952039
179731
293738
851656
472756
894194
808325
927699
210515
1070
392915
637951
454485
64264
774759
13483
403775
323397
6666
138235
720123
51205
359011
253458
114029
230241
661617
855449
357856
627037
910075
309895
806769
203813
161552
795877
614360
486229
723577
824875
487299
632844
462826
941784
697108
753937
471620
100883
593686
994638
755471
313810
562195
114482
83620
192576
861075
745237
48026
218932
372275
958101
45179
695396
678267
206731
491273
292627
209313
731202
633854
696612
364047
613032
154749
61155
366969
142721
678391
477007
137359
433862
790817
215906
64696
390789
408482
925771
136027
972860
661055
508302
930962
706235
203698
125581
429318
211323
934560
638631
942526
568414
335244
822925
181446
6345
400432
64767
149066
78823
541774
802777
29037
848944
535035
610085
239733
943517
52209
892112
916378
713264
400414
363692
419499
120464
5625
365170
848140
940185
3801
307018
508599
855397
129943
206397
861742
530375
271164
527160
125551
329290
329937
670940
178234
381324
281026
934320
324842
333235
826432
757572
562851
743199
637616
982351
380015
643241
863873
744507
583426
867674
51525
608377
239424
697820
814774
617518
744548
602290
144679
870099
931580
990968
541039
626167
372293
338417
76839
213487
671652
903271
487411
750856
162822
641379
249559
59190
284620
113432
803697
384398
497458
855223
509127
736882
69395
323901
354401
813943
926191
15432
684042
374123
522752
741434
290
895045
596203
77129
624884
784208
496753
628647
535064
659575
270026
784623
718765
70998
898055
38815
455396
395513
410390
964523
648748
479785
804776
3149
293729
247319
534933
494123
621443
57685
751909
621733
469083
348113
698863
610319
132321
711968
238967
667385
371543
508993
452008
606661
579992
866415
645476
551740
261928
55866
32616
910676
535651
837392
430177
345732
84712
481462
839856
706155
539148
591765
844240
524583
939878
59455
651254
72199
771423
890221
255936
142967
399215
707944
265980
495559
90711
427808
47299
352640
483674
596267
779668
535677
950012
209846
881410
34724
691308
237618
257231
746808
829383
617823
787743
769262
677279
438998
357813
448702
329219
613750
108021
244786
838046
890353
256697
928758
318161
820349
797750
318187
416616
577418
853865
366628
303616
251627
917704
511277
489245
691287
774437
318628
309111
562181
604242
502742
517531
478408
951444
363102
608510
575818
607889
962908
466171
380938
408018
784333
201287
205768
102520
617904
299539
472737
500884
603155
724364
934941
630784
729961
626228
405222
564942
451691
967403
169184
954433
1286
163944
422230
364388
772454
998048
972277
735363
980571
869568
143381
281256
70855
865502
900129
205111
165041
372866
705996
284548
613583
640937
915333
859896
783517
836907
424838
235209
320662
110375
189642
321948
274319
611872
686336
563126
126272
174966
298489
106844
44534
958222
904452
115389
340076
804581
836853
505117
177448
59201
306018
307383
700138
737703
167279
7
574610
592118
235216
411624
702493
941211
733572
493164
69435
419908
56290
712060
111226
871131
335256
155760
345706
239708
787502
685782
44290
624355
707252
738090
683556
529622
561825
900046
267325
729104
416405
358287
837574
651622
769911
56419
109185
19835
549584
694972
956095
122226
407032
67322
509710
742288
739434
855416
981997
43288
57550
26287
667643
764802
280729
867551
294424
842554
283949
78101
571658
216707
952740
925585
384681
722651
982004
493866
258838
47940
188838
214934
686519
595871
282256
196229
338159
538042
51645
836508
581331
109195
379147
248974
390350
659876
632878
201126
502430
433179
795580
590441
649886
748320
32378
34567
987324
14382
44785
246162
578675
233624
461096
265194
345847
259704
977775
200358
797747
29420
36867
379078
654967
416014
144404
561669
75891
293634
762796
94673
726814
74728
201466
893052
823048
233844
443972
810372
248227
488757
572887
343254
238733
550335
124800
584580
810040
102575
784939
124139
648347
338158
503217
303314
754172
163973
381336
346415
457608
660484
441089
700774
735212
158907
110178
74612
392752
554150
884985
157331
42908
974224
500585
797993
524559
625385
382574
850951
244312
