10000
400691
398019
702446
791328
415721
276325
425666
812605
55510
15221
884555
450483
242334
352975
829038
116115
918421
705281
862434
531035
233073
244881
488981
818448
447767
338100
859634
166994
400821
802345
870883
317864
716716
573330
109192
132438
366007
534858
945043
421518
66432
345950
388353
308766
215277
733743
941234
133698
439025
320020
181085
188450
564901
186418
6898
529021
524519
382884
212367
441692
185229
83251
759556
901946
172933
385100
34384
538940
919959
495779
476810
502743
358081
381515
327861
573358
115259
269095
223408
554284
589115
404494
742734
670369
107264
265985
199390
631783
648869
928109
73475
350451
527712
349383
252397
700645
734484
803133
755938
170795
815264
232748
673538
173345
130616
1399
263055
245875
786847
486463
800159
892314
407309
59245
562683
514574
841582
278425
662709
490452
722887
252537
357255
250599
601920
609652
467597
852756
929137
223535
23551
744401
972635
213441
917746
103251
731193
180801
349126
518040
183616
665637
410354
590926
241235
489390
621852
82817
767815
284561
89621
490702
537098
446876
741302
655371
572880
208899
508127
502017
948786
531679
246418
921421
261472
680516
24673
992665
377669
890151
510705
561286
555789
437412
668564
313376
926802
806768
396193
210969
91329
2167
701672
144780
965395
959326
316503
538276
684577
824630
40293
149715
872661
803064
71136
134134
483580
612161
643151
861250
18665
153857
938888
90806
107621
123804
404182
34423
930572
316727
761744
538253
318894
463416
199385
284290
939094
515888
338918
140023
340519
895563
289738
729532
698627
877227
380018
698560
5740
23170
76162
24405
693379
531402
115211
801000
655206
519393
351775
102130
836121
113519
640383
671367
93288
839769
472009
548734
355657
810927
688758
212528
706491
494848
458413
921470
372075
838431
620030
377816
861601
212544
402221
71332
743946
33785
872332
399152
553178
224107
17634
905651
853979
658018
577019
947267
14139
49028
496001
886148
376308
701111
98677
599151
195960
557090
520621
84387
911873
657004
978555
289827
385900
897129
361159
129847
930914
233492
45351
484092
973951
62986
389744
344282
237356
483115
291549
251495
532143
303903
137643
908451
521366
752672
23954
233678
309762
60928
318066
737988
234284
296621
27815
620184
193750
388974
750031
124664
138818
795383
125109
629122
374721
31205
973404
612077
514320
781306
863572
46463
85209
1215
471267
606575
753888
11573
840254
580002
72501
674672
834342
306785
487645
862157
926970
681396
767484
677001
322412
422654
988736
963873
51776
363457
995078
25181
975534
509398
806487
355458
72214
408048
873026
59833
530975
143266
71406
887581
239620
143908
562253
73963
450693
566251
452472
894015
763999
219956
87369
86411
642611
76105
566637
210739
955915
561715
235920
447801
71114
558759
803260
659680
483159
192638
719513
14135
335904
790919
901716
575524
451179
980322
165839
418225
546573
618312
312240
310572
354620
399609
913335
997231
992067
479972
724323
464334
558040
476595
912135
145506
35355
231747
805186
518514
940737
524699
49001
276641
831970
467070
368518
283150
963744
534357
701375
510317
669021
13615
337241
23642
929577
766928
537225
437996
763253
261548
902330
321293
738144
330817
466799
289851
78917
788337
324717
19654
829388
373719
812648
661358
357141
181166
944508
320885
231875
645883
831202
900897
175851
684795
924539
105428
968075
978116
59776
731328
239665
962106
568973
494161
809275
552124
784012
404544
340461
108729
940551
169849
998800
753199
831208
355941
450717
292068
676826
198944
937952
24380
99841
630155
225527
540732
251935
193603
35201
311711
441283
274866
790169
10257
285379
115796
562381
69391
520341
419195
694472
460892
589044
209625
730443
936604
565566
697512
745025
758745
896456
682977
299477
512650
829484
525005
569734
81419
234960
604935
393130
676243
879801
183299
202852
165180
299095
765234
750923
335788
700781
445396
313032
806177
655021
43475
742782
736939
740987
4159
12036
153796
203488
311514
666446
32972
836519
236180
114391
587831
841116
23873
264074
237269
723524
466927
918802
538971
748513
669725
874760
449294
631473
187792
255471
802846
747620
514605
56138
4959
518764
68174
158755
722252
379688
825201
271576
732559
61382
385967
320390
902498
409840
100817
656119
133364
84096
574921
672336
832609
760999
63448
798255
392472
767592
570078
711671
515212
601036
767809
520172
636152
352335
678927
358405
248376
504129
629981
980935
81863
532301
817678
500713
458493
918495
156832
108210
518943
731754
296898
867904
492753
360346
666159
401577
127938
752589
629600
643151
353625
913761
679675
989778
266097
358602
864535
514473
379083
10868
11760
977298
59521
829438
478011
518015
264285
634844
626225
299580
882950
923123
167484
892055
799821
349995
809984
927759
102585
439585
87262
972562
869698
766937
478692
652147
641892
343227
166620
537327
870448
694733
514626
929969
40523
508989
447984
821161
660185
590561
120741
543135
30036
288226
951542
829857
154573
761527
757617
257158
717464
844879
746073
587162
128169
224765
239310
286413
84345
922282
823740
954793
133367
854718
884762
173891
363708
849099
995052
23893
439660
632145
83381
469697
920371
34923
299554
591297
312802
573523
848455
30266
934755
110880
133781
62924
335646
889443
349337
419991
328077
173077
891136
461445
544148
775898
151688
907856
624997
663092
931749
581010
295237
531482
50707
731961
566406
866613
323258
879208
440137
688065
425827
374892
798946
75960
954168
650944
481755
303505
587287
809832
992934
478423
787629
537082
254321
455669
961290
395671
118761
409392
976681
930351
940874
543740
662312
507280
410353
985570
902841
366842
673635
845020
258086
988933
437332
212254
639877
919087
515759
227164
245271
25046
705587
32901
78480
476261
4922
39771
871932
123684
449163
364965
54035
390037
908705
232699
413670
835410
218269
832863
718605
408256
677883
976691
397190
115215
188946
553419
550654
221057
296936
795925
762455
2523
828826
840936
995136
350101
880707
383420
473785
329870
748385
44172
236259
173442
276871
166281
525205
11492
999144
243810
419748
193379
220501
333290
824946
925799
403062
375600
663209
699998
171526
425664
218873
516704
266600
214010
866805
147307
597430
856942
993529
862168
417466
229789
35610
694337
396070
77167
222181
911567
320977
158282
104946
57831
7924
446245
499982
410986
821845
163191
110984
509723
588856
329858
26428
855456
543868
409585
519116
657650
266528
512645
519818
683994
258786
71781
894684
171209
148948
116865
599128
986278
791499
220426
44109
799424
666671
544091
210410
488517
707283
321395
998240
812491
651253
541020
667947
711473
950606
703415
369123
217134
732413
405294
417480
991199
993427
312164
678760
142375
945382
794240
128653
736881
14667
689114
536305
681338
749558
746716
169855
973193
68111
684448
785684
235716
225468
969983
947189
692426
673399
832664
425912
405812
237958
843393
913363
231385
671909
108476
890113
617291
902716
535118
354173
917383
224233
406830
598722
490143
153546
284929
463336
738009
969377
249020
973725
711198
219003
920914
403624
408754
269931
345889
814566
507889
189282
244282
255627
861191
869110
145740
478483
771826
197210
349008
689210
937795
755838
804284
427938
425737
89213
891274
163746
574943
140294
137472
802493
875650
574738
722469
284404
844669
68358
615323
868911
773992
375957
124538
635184
245067
786630
630019
16893
983840
979027
222455
921636
251217
543091
865926
676954
148657
757201
840701
723600
413847
494525
42445
289497
69263
764914
90254
430285
349625
221929
299196
123617
597886
940086
275153
359305
243068
905172
376198
226908
400551
115006
664896
651769
174449
530823
328723
323106
804376
685776
563058
218223
180301
605503
24073
249565
886770
630679
679850
752747
852608
495398
876364
966846
435484
151518
326151
194904
573042
218701
421812
973594
850059
603061
625363
24509
650236
470438
347615
454612
156215
910674
189187
336516
32529
213260
102433
919299
360291
298635
672046
212899
794033
64763
696097
745869
732633
22248
940773
305675
757302
878938
279269
607361
998351
420984
631870
648587
891423
495838
619551
47638
406512
325090
384154
955393
54703
486588
874693
414994
785223
63091
627894
95609
644206
323991
841478
376839
862592
298604
198867
619894
693894
478136
743607
692245
899121
891830
340832
790544
387668
476735
354534
310532
801825
738688
265925
856528
741628
656970
271523
43204
236414
415769
138813
396972
256112
496643
773812
635056
795247
489031
771302
489141
483519
514910
697738
382640
923092
554922
689536
827112
31657
560422
653996
349835
299111
919921
722715
557091
93244
994238
600295
846010
926359
255460
242982
698824
752104
533146
333880
63703
22177
105183
69197
505697
136445
766935
404689
575889
321858
610578
403001
869867
171000
56997
219702
986463
493270
942418
59907
586514
453008
660202
948876
895720
915663
191859
594544
184119
725005
928424
247822
263535
549959
317019
769232
202756
600307
690273
778645
922165
300851
181646
792032
988204
238643
528087
491019
248266
470505
550926
834780
439865
727481
300009
335585
643144
491868
930129
343615
733225
374906
591437
513112
924865
424809
798696
643974
25116
488970
422619
947281
306173
604266
255665
810729
359261
783752
301749
607527
770609
369027
958660
210475
96508
258669
62412
256004
266889
508894
599619
516466
883800
707409
545931
325017
132218
344627
968991
157334
349949
391611
620967
656123
512229
876632
983204
387842
176737
801305
995370
947346
170333
470382
674173
783193
245403
252938
39198
28644
761832
155169
61462
645632
862578
607393
487001
994796
952021
455993
668482
301970
363956
805801
474445
392537
198786
974002
780379
375523
775307
292101
839221
461992
762483
29747
245186
7886
282685
284384
552882
44517
955905
614345
206501
818484
221738
693502
329632
690111
665847
998115
992082
29803
803916
982879
422340
2702
473233
719072
894577
248541
11173
250151
710533
773657
279898
472071
297895
78935
272807
367130
123452
228713
981475
846305
47197
203213
56159
376829
893325
238359
891296
401759
268162
211565
900990
206855
730619
374224
925927
141549
139117
453452
391700
366002
743461
671598
838074
557709
750533
110881
924839
390337
855946
906314
752994
903143
625879
325505
796325
35556
563864
203973
953667
832027
931890
854658
555234
178862
745234
997513
320411
400703
967317
712111
766705
710779
900061
121131
268488
166946
748365
709679
73635
604311
615993
826629
23807
758224
152134
336484
793781
715999
56809
747448
64378
505052
118458
135964
683914
380044
649829
4325
780747
617146
232788
63805
844277
649201
184936
112765
816147
449653
822444
406134
570317
954789
749115
110476
713014
901249
446960
23147
133600
20121
286947
714330
525173
405406
366646
209087
785450
532827
729764
82550
149974
478904
146355
994251
128105
847643
623369
460604
297297
962165
866738
867614
916955
615853
978090
146321
33455
941402
169468
683407
961523
972767
914090
3049
378173
797088
212136
679976
329916
458253
762526
996242
937157
425233
990493
65263
272876
130214
42219
86525
92380
425310
470491
525687
41163
964933
672008
590970
422687
357828
790730
900563
330595
704820
903612
225121
18260
115748
421449
348176
90353
183975
344418
27511
125560
851264
609126
914788
981478
651345
1314
590210
76655
988157
115897
634171
953091
304257
741493
375778
662085
532223
276341
509033
753395
696305
250506
771656
328406
671955
636184
418759
855930
496955
446270
497842
348219
55396
412630
846049
223094
413944
436260
299749
402102
552157
450272
871545
372767
191766
763675
34852
240341
556369
60237
510089
252674
310743
798097
581080
982698
434281
999840
354980
931236
962462
852822
795807
534211
781805
641857
757305
195749
78117
573406
114203
146626
23679
502100
519393
731797
265776
70598
488490
822145
647187
998579
74819
957931
796676
655900
456981
747310
172092
328314
678546
650906
697488
474354
185117
479293
116211
942422
191395
710680
515829
821950
373658
55860
324051
893052
304009
589827
480002
792499
411972
127189
791079
3143
601472
104107
175395
58454
851417
347487
903120
46316
998394
600608
37022
183511
79902
669585
642286
787649
380265
158115
609599
270275
730327
933650
163327
34336
523477
159681
826835
451801
286871
134266
454945
404695
754726
630340
463149
122495
494180
366269
168811
8926
483230
205833
708789
563132
875418
351075
350781
772035
25542
476732
42311
755869
410383
721990
306557
450212
881672
649745
902014
684895
300363
873311
89590
55089
20003
69092
693937
514183
951713
862748
39461
434943
584934
748251
514427
976704
615678
865208
265092
641221
341941
307403
913442
268676
545745
736352
718888
427417
386097
137254
628664
686460
526917
234607
257902
546921
303699
951839
577456
255412
330939
616918
206708
432225
881521
721135
408930
497199
102696
674022
654772
960989
497777
84567
229665
43522
820919
464905
987292
723368
118512
615956
926180
645429
850563
184082
708702
670614
652273
802511
926027
499565
935781
649087
931790
817302
370222
340720
830853
989270
531094
1978
950259
28871
602897
696276
72394
940168
677534
59686
663536
796046
191994
589716
957827
42558
290151
182882
713172
458776
985393
155551
958341
921174
320990
890132
254828
691213
747204
85681
196835
278299
604011
147095
823522
206908
359723
412268
147076
37257
988306
326964
349655
180301
433033
823835
739211
239536
6717
968735
698312
992110
124287
656654
429636
961629
63138
684464
169194
326694
286497
366030
121345
890509
29477
944868
613769
389200
357136
760846
942810
345443
604162
292465
42096
37195
632652
781307
276731
639369
750042
975044
147831
390681
148050
577467
352311
727540
261931
521505
54234
64781
403887
175580
955290
433364
120448
569059
822565
993936
846257
281727
855731
450420
90544
414179
487615
723197
195486
280699
362566
461881
772095
510398
368914
920145
604217
721225
647685
382501
759083
218271
447282
679322
393851
402572
112687
30651
487983
451604
540940
334241
733331
396671
784661
823875
810851
788628
547072
522689
585679
425991
984570
357774
452741
353485
277919
56958
591062
441956
955811
866497
176580
403093
545820
570431
322017
174859
601083
810001
142815
142023
144242
392498
55046
445255
216373
382249
750235
279798
904939
335915
222141
405861
693689
674882
275698
487961
248192
866761
446269
204004
249610
622849
607097
311782
709633
445467
2993
310716
255468
145808
969091
916062
538306
540489
877669
271032
922739
627904
67182
344030
480171
289323
749891
690213
480557
25590
694526
245101
408703
140795
449105
658313
279997
572555
486448
989630
18022
489441
816698
789842
635250
785789
705904
689908
842630
583573
960940
765369
727829
28122
109399
724353
833797
375643
414566
830706
401233
109092
75808
809936
766239
524913
984601
46236
613820
471049
35866
148194
476843
368916
938036
628445
154705
643940
318353
513688
743865
279294
279057
988047
823768
904809
712400
173918
280452
126966
4624
198037
752410
80432
524325
35001
121698
508926
81238
735518
496328
633456
400065
489523
2373
338101
117968
673430
498394
436321
187118
242259
231967
982528
230306
572088
403689
942706
746006
200493
586024
750630
398530
854786
831063
922855
889788
469113
948133
487378
720983
960813
120834
121048
450336
639559
459150
84656
829342
473896
520978
532812
716155
269297
515340
462814
841385
435381
921872
103743
635874
24249
854374
550756
879035
201789
989963
285175
670902
938097
772553
391885
415262
409740
29286
381951
49299
488436
466607
394993
962332
503937
927806
194839
773235
959498
174005
130972
394880
612230
234716
30754
152831
605442
97863
31866
323583
87826
833394
994485
25923
605947
902722
957538
532039
932008
339489
97691
936796
806096
492684
415480
826386
420490
126672
115973
379989
817029
246945
291221
429259
998013
838327
582090
603455
936190
130309
927038
24017
480055
437875
566292
602354
856950
523830
134394
305310
863319
232085
758459
185768
724769
173939
12154
661612
816963
128127
41601
633993
891424
332822
579604
405790
171149
678047
525597
623692
324708
968988
647709
804763
406863
214001
407117
780165
254184
541511
601828
633855
289948
360287
819623
14718
50578
348129
192682
383894
992608
234283
17887
400385
83457
113843
806175
770958
308242
331772
911002
632950
300760
558711
954065
223976
289065
361183
520493
543249
419046
122321
177104
225347
482608
513080
240065
49539
861209
949099
433433
370170
699734
967672
286907
299543
597867
93082
70501
906110
941206
497856
55412
758319
56567
9478
982295
345632
887013
502788
888881
822411
141462
65986
47758
140422
95418
804175
189961
472979
753274
139746
843149
453008
107418
646408
752551
221638
739490
339405
127748
197049
837261
183160
955368
410180
708990
454015
755813
596003
956803
161046
418415
98265
743384
466173
238688
838802
786701
945001
311782
539975
84748
671283
509336
708518
317692
261887
930156
573534
601292
574256
770583
954905
757417
242303
365086
466407
696318
637251
578763
169474
798297
997178
267739
541682
979703
22779
896836
766404
484133
208618
822732
85233
879902
332068
793751
713946
110307
240260
287480
711600
814516
574416
182857
571933
816719
64295
554693
513038
701546
133456
682512
499844
646986
466603
557878
143041
5735
454714
425798
6220
179685
764882
91453
575939
96950
401556
289885
207257
641816
93717
435209
456333
668133
134419
544618
1205
198714
99311
30595
900261
749119
229459
400105
912457
212414
474335
55499
734501
445401
997649
740721
625086
762531
348526
201025
375833
750083
7262
583090
391899
100980
534652
364584
285465
669071
909203
803022
867785
524866
833617
284398
790338
579428
200855
702795
791843
675190
274646
42696
120592
788647
783418
745678
551178
648296
463056
927011
398379
986670
26454
306631
604002
77458
671215
889468
746529
580418
208842
130666
621637
558812
415065
411975
138240
615920
114770
446435
807463
905769
489132
928055
694416
272550
190085
761947
920846
169493
205310
835578
156164
231764
142209
276518
825574
813424
682338
572103
910195
891181
219122
531832
449993
150539
460159
588233
282811
91281
551021
90274
997050
40153
534681
207819
829055
241119
969766
266253
926964
691428
101831
599480
923193
244040
875999
748767
573817
558337
837223
364
449518
572697
48548
415863
723236
508707
520449
6047
599988
71470
612674
113391
111623
147355
321210
940678
904826
807328
206931
831791
498756
308763
431271
938301
69155
307270
203421
159324
865608
556996
676040
831478
129693
724588
763694
852929
233295
284143
375328
349636
355613
988002
463027
983588
651710
300589
924266
556536
624269
647549
388327
123025
472664
335951
577679
58172
643221
781100
733848
25181
338096
409889
373012
467789
134477
136706
837070
884125
420849
728750
233761
292814
716753
213140
276402
884815
513729
717020
957703
137998
364569
862383
777375
353586
198334
355054
411758
357907
136154
145606
383089
990602
555495
756101
458391
206325
892807
811813
90450
830008
540564
840563
122822
773669
53703
915576
658484
83784
632596
132539
221782
513517
994922
515509
867103
709608
870564
795213
67516
523070
457172
450605
513673
529019
723058
488416
735344
615865
816582
342146
962225
357146
182709
85047
130815
752764
623
305651
836548
149571
438190
574682
663088
949465
606544
46544
659073
477108
358109
726589
516530
815281
693546
546555
860653
416604
551324
112349
548821
367906
454496
511046
725052
153557
112445
372219
422674
629420
194222
259222
778991
148764
350257
958432
98229
956801
521328
757303
950261
879437
244
983143
211071
693791
529699
71724
110395
81023
700425
175569
965281
154921
686615
206685
824831
315413
95256
247505
944833
289478
23079
240177
438242
889688
198609
52824
362841
236289
326479
313102
115726
326723
812598
843149
536866
342297
431225
163614
939672
131651
339183
421305
802924
542150
627990
144107
857563
723246
391612
318749
529076
931044
558926
483670
820732
273887
536494
183574
510176
379325
13028
625902
706049
825626
985404
759267
684275
932981
922881
623947
64632
778416
45252
383909
836919
189594
528016
210834
912840
435981
529583
441916
367025
88509
925587
704109
878748
978433
887683
388924
357759
417064
531179
580160
242690
516583
339427
443318
449564
778661
583617
30549
73429
628870
930810
910348
334816
458826
121183
764009
411159
167118
205925
778184
771980
647864
482294
650728
142650
886329
39653
500409
303393
570832
596921
62436
603767
452700
505754
569683
231361
89371
116584
821143
234593
47394
731491
569410
22573
369026
849771
433732
536145
55696
211917
824477
219913
210563
475205
878915
613244
514858
895676
916638
602042
492597
495426
722161
945297
517532
291845
693011
123255
408429
514154
357849
455824
761997
443611
478397
131024
293382
912129
183521
865430
640398
7998
601695
850961
483203
996962
980558
514414
892638
897196
632808
385235
908974
354970
846885
426506
646815
539896
66113
55244
570402
940314
27420
332399
900277
22169
463423
710011
450651
646944
91794
91049
171294
693489
458363
654498
690452
438921
685264
99442
852469
318072
484678
277795
189394
847915
220653
836209
387811
286766
407806
474565
227081
951578
806964
127358
973748
786740
837370
424399
433684
929164
31800
121331
139005
6515
292181
345809
445436
977445
445252
814257
811869
446282
92052
1264
294197
312705
353825
198360
599472
761631
672925
342905
229562
996241
470263
203310
782981
823985
144061
733018
269501
692213
854349
408507
698729
146530
270668
660517
640327
232272
474775
452196
678554
83179
453460
489103
912237
323638
203815
28061
85269
393092
370966
314831
389334
357581
34493
688667
181567
694906
421685
967420
387120
276034
892279
85849
938916
162948
746366
579243
911572
737493
31440
590127
820673
1252
595582
732910
324890
315750
760971
926512
225194
648289
757695
614528
5870
308541
819548
703789
3447
241233
671210
390567
33620
563489
992768
972536
242789
255487
68132
154362
992980
99572
260841
330005
617176
372775
579267
458419
688525
856590
384931
913720
504879
658978
44600
27102
967519
864148
730891
970967
621734
918453
877886
655354
998295
387007
144242
241084
642494
212374
395446
151826
828298
172639
481832
961827
545415
577451
420246
750292
434042
321529
664012
455273
980507
224965
998727
464379
605465
245971
435346
227199
164424
829584
882553
679071
216591
543148
920156
375437
271874
831954
527264
100173
4594
525448
578352
66361
102899
998598
816653
53293
836479
997018
24919
816986
221983
23646
281365
827448
785969
233063
571000
466746
579000
969905
145817
311943
513053
65973
687381
784928
414280
214645
401453
935226
740093
979805
1587
359344
494755
334592
412638
331234
331610
437557
664572
69945
977555
462290
897394
763525
211705
984746
230271
790705
954651
892440
102649
467705
958414
306382
768985
889046
521027
170438
824272
777472
666595
342211
136816
677702
676803
65806
8936
8414
19715
189860
78359
513623
652150
492105
793500
863856
476851
540123
170913
431503
432563
273562
415560
907329
96296
184545
796375
133675
871335
136999
911147
54282
479210
564316
731984
156014
146474
257272
164428
682542
447132
759139
196165
615635
251245
989665
479491
244448
529788
166756
192303
962351
956671
607863
386033
52967
308760
182408
186643
180095
319408
614142
234377
314970
694810
482713
470984
357637
739985
635412
40179
703470
910904
236344
319105
678501
742361
314948
922949
272149
481704
631605
750852
438375
755820
653237
491343
64581
835646
194338
761028
671406
808480
511758
986376
19643
994471
457361
377280
734457
609125
417459
954279
36381
170155
273384
714882
912516
588332
154184
701017
70036
302141
968221
24764
57961
621459
32459
122542
973457
226797
883571
161215
551629
911681
663943
571272
906152
637656
464904
156961
763134
398715
111240
799515
85222
384624
30750
514090
489308
184934
731459
75697
487075
699681
100461
61388
837492
132920
183931
327301
359717
583854
4868
427698
495535
668811
515323
918039
306468
980227
75001
69602
895295
702593
385469
980517
87218
416219
10960
92878
117505
742419
168575
120932
958452
269036
182321
312296
918308
882604
639597
794377
466458
644465
222076
478345
829629
737399
396384
136097
233978
987737
722051
645625
690331
107520
142495
293901
40092
153455
386779
157597
895874
555355
794882
854327
340743
977203
166623
259052
859807
322573
569781
842617
967038
791857
320962
313019
45608
233698
449116
795939
221436
687519
441564
911767
311392
584059
205668
351484
253866
592447
25433
149741
664154
336667
4068
4898
313870
687043
780302
690029
9616
350083
48998
493007
658293
886312
806026
220253
120011
771495
16192
857799
459014
974109
285918
286758
74520
491586
154594
328387
600385
180028
478128
780892
516695
998548
302142
346918
685591
598796
553299
211560
948879
118650
704567
123524
521314
26945
343778
157677
314792
876322
15476
290159
850431
301394
576917
441304
309332
731512
286043
426070
427892
764171
206962
460939
279071
25456
807857
481014
624252
877509
692574
89483
512511
913493
213008
33825
456791
556786
191503
771583
433108
723331
61742
799892
24726
638660
757548
850410
886524
43591
792832
314416
324114
999794
775355
603185
541602
99565
600551
165854
493426
809478
255338
5937
239323
468346
556114
696114
541484
747617
984050
490944
470949
562144
807188
12027
717156
564736
378789
603680
608327
171622
918096
448793
687768
693452
51978
229371
793017
168882
395225
286443
978360
166915
808732
734035
635261
364846
946502
693097
628816
930552
184042
616117
492696
991230
144496
209853
555967
523285
329885
680646
211259
247982
129440
899028
457786
697770
128399
767155
383004
39976
569950
361364
206892
378682
611752
358505
259880
558254
51603
888696
488806
751997
504813
497854
743227
649309
224059
815546
172595
553945
12545
383854
318279
658337
799234
776065
356107
443985
59572
255464
483962
629522
133180
207206
8204
744932
82063
784436
303186
133666
673133
308344
402015
177946
806199
145243
343608
546610
477141
32555
616907
489686
932761
451538
664375
731996
743955
20483
175981
803527
792299
176295
433049
925479
899853
957605
670412
981917
742042
973598
631935
415175
281943
33951
109473
604494
695546
453081
667456
172687
485636
800716
178726
418398
252254
843101
666746
996210
379936
842727
799737
172235
535375
749139
97715
435228
706744
768127
417145
965138
258077
49081
896665
56372
599384
6139
177218
294930
975572
844675
467617
977561
161743
162695
912311
413997
5797
579057
926559
902085
938136
242649
74321
473511
991788
688388
908740
214884
972867
842237
696375
230944
407670
593040
803669
7054
115531
980887
301984
607456
341914
285954
585017
503657
448649
13680
434007
970798
592737
360566
389236
47225
603215
979909
520737
111355
668297
945829
326240
641164
304418
22615
388460
712089
132007
708481
719143
247539
205721
537480
854995
547635
823434
956364
567645
788435
970044
1652
275586
79133
878570
664822
126358
998138
644731
163447
109493
313028
625628
952085
470544
930047
491052
375356
158488
623060
600190
877631
386951
805911
415111
758298
869898
754897
231014
437543
543333
201058
955547
818919
796543
834118
93
439253
348608
644824
119053
458101
474204
744681
926539
461100
191080
417591
352808
349568
557003
952998
743552
943954
758909
675015
218604
628808
429913
449618
582703
973246
167028
538251
308517
479923
888721
824962
919177
237329
469786
38230
211782
460342
299263
138321
921442
6696
72265
790602
872616
629268
743601
616168
89575
18862
807536
824531
164022
237449
274150
746726
727047
957530
801329
551916
437454
206402
376878
872983
960083
846664
427565
688217
823358
243180
826539
261152
249876
415156
51754
638845
560776
311707
771365
650351
846922
578901
474883
10944
816350
265385
274022
59749
739267
591703
611665
693073
798105
988543
566056
274540
351559
993621
962758
174917
753154
305649
436069
519382
720805
4176
158227
281581
315883
929593
448285
162805
24846
923168
690102
357549
704905
964124
417298
960524
555828
28964
653598
870285
17507
736006
144826
369067
245980
107584
543984
999134
413233
496406
518516
134038
500582
676744
931971
332817
122689
380256
11975
663887
819776
702077
21436
41033
666201
438735
1558
738381
467699
171508
608667
1558
907514
269845
370625
153494
377429
430962
152628
307014
443720
671145
957404
460654
864241
889375
309823
503282
269632
321798
167169
89408
23875
188606
646794
206429
143693
648352
944810
127744
819860
69829
129302
727374
856026
16280
397221
233455
963594
549849
540469
923666
737346
14225
384320
117939
903601
694143
621221
173233
532294
788391
778993
556169
493349
425787
278950
637042
590491
740113
281138
410351
809942
410440
654078
665969
943072
51299
415776
423018
117500
472598
346684
854847
486823
247356
972786
390424
457852
110360
80009
990146
898751
375355
546315
908452
317494
825266
545494
907986
565379
826632
834689
891673
753424
5119
73994
212849
572770
6123
635867
690271
995073
982552
61470
481896
229908
550608
388673
687760
177320
985034
677906
76071
876741
740574
984523
194236
82192
46369
618574
163923
389353
969615
571948
142778
491087
645943
871979
63857
168418
507846
270480
163491
490398
848302
161739
236659
915263
550412
924419
92583
51799
118678
685007
928540
375604
185882
639128
974148
232252
774054
138071
137957
260022
710019
797087
751109
872314
669066
331318
557084
176913
118151
720575
667311
482805
882315
420322
398068
949079
861094
7004
878
979772
692011
445771
871728
877893
84899
845876
626497
375306
983947
764455
635328
210318
561542
902789
598985
746961
750459
156069
923874
868610
392997
107537
867768
275312
527860
782188
740743
388954
789192
741622
885078
997555
703745
756806
391801
788644
602682
18298
680302
102981
299105
315630
829651
377000
734771
428636
123961
485231
101058
47835
870193
494055
671724
737961
285719
199584
520150
26462
588538
825694
768084
473616
823250
988181
746774
215051
776826
349456
749701
973480
968789
565159
289111
798441
458511
540234
227077
582472
25465
328135
146659
412011
338542
818383
149972
624261
534320
186474
650724
122858
12169
935160
112827
835419
923342
859601
566822
216520
725410
316523
190000
210551
398034
995463
8992
856545
535698
752422
439017
561163
596909
102028
489526
935452
436764
639499
559713
971084
825973
210437
610294
838142
661950
723121
189913
585292
99075
756735
801812
340837
589611
508164
551388
987645
503628
560381
844191
39326
829155
283208
116841
426064
901589
606368
877868
338353
762219
437582
825789
588192
164371
436083
942687
826321
675557
648952
927965
774632
405688
246129
631821
995299
754294
183209
982944
257922
259942
827135
813600
605449
626696
446793
31514
44637
53161
909382
899342
331732
863316
725131
436277
27688
161214
378964
370361
836771
27916
298327
127755
949956
60808
275928
945255
815102
459138
444552
589376
235432
788039
919328
840882
931087
366122
388748
975724
935635
814482
875066
267368
677799
600197
703645
221839
277764
598961
592200
630887
143229
406879
274995
93186
467688
550923
554793
799142
526413
515697
904871
761846
820089
824199
119080
751176
706673
24180
243253
642309
838662
634671
426029
516461
751221
646026
738300
28985
761339
846853
176224
904568
253732
451219
514106
237772
2143
585252
553267
528556
617301
458138
806754
437390
798689
442186
704919
505363
466366
464524
664024
305029
99195
606405
821490
850416
252431
76143
395753
530122
922996
571978
434690
176728
23197
465149
930853
541692
566753
484120
70249
184054
458610
393355
137797
257299
835542
359068
279014
301908
823592
943038
606937
922787
65795
944780
289556
318226
20923
685309
848348
943919
773639
799391
636999
313189
780892
84204
854881
347645
568324
441482
48051
26934
834838
702200
800586
670380
61268
79600
488640
884860
538991
611930
324000
604786
556710
613556
439365
93985
815217
804065
554256
588857
119808
191255
902046
900700
275460
756927
764697
360136
714762
329101
903423
549600
547653
704009
736332
608922
299961
224972
10134
355304
836902
334134
476443
909964
947690
432160
3949
762908
236225
558205
868117
872386
265813
770163
773086
57625
43442
54136
417761
758204
899589
321184
824156
447242
541545
560488
56164
357859
785461
582651
229515
622363
916785
705958
48680
380828
138118
52629
143736
890696
127187
528205
763082
393000
298368
52520
450625
858162
623008
384738
132719
522597
222275
956875
969840
280172
517364
542356
638031
302825
641359
867547
441540
558145
89857
490220
938973
227976
59202
599061
635024
186389
127266
398106
95741
941986
966978
62718
316500
589987
447456
449219
628936
669731
922447
115128
466256
439811
173837
104287
258988
815196
488186
216880
373341
94396
223453
828666
322372
799007
944079
473748
985396
587697
388206
597489
46035
355184
660207
878888
461523
624015
844459
606812
810099
766906
721940
276355
723069
895777
896994
498409
227326
385181
715290
117019
479577
455095
462038
318301
254102
406117
308401
755850
510167
696607
353339
72554
568143
529898
951442
546019
153913
795902
152831
964012
562808
874771
756719
802230
286901
653714
300639
30579
555247
532281
147598
551176
987376
609636
385829
757830
532106
694230
30032
558625
390837
899723
631179
475332
429621
582622
21351
99887
378524
174182
580251
457684
565306
336971
259914
368559
507037
76906
399138
62284
609187
63088
613460
112916
672725
999289
387098
721183
209871
417131
279808
117060
316854
910987
592392
746476
9961
613744
362715
388485
304278
942966
362522
869584
279937
138788
238143
303326
215694
153633
365610
341234
216722
495422
970502
405799
11063
357600
126982
220934
774731
923142
337994
91586
350481
930387
354414
360443
60483
717129
265280
364761
660095
627802
750698
456385
282943
505193
759711
14989
658827
641674
356223
391901
137096
326725
797700
664512
684326
441034
885446
459057
880528
739793
66995
231009
186532
421409
591452
247015
138538
373085
128128
314986
887
878826
287723
800182
384020
47434
815172
559199
205460
171395
951100
858909
14473
265152
523421
215151
222538
925219
190560
103066
665012
257556
850427
851544
195317
441880
614911
333856
814965
743040
165194
332204
138218
452917
648739
522238
16703
463911
81437
222164
151658
548889
597425
166131
814041
120846
381282
36579
46065
571843
655997
711078
345751
506425
78974
541068
464657
210238
391276
795974
469630
556470
644530
607848
525739
293269
646439
58795
757180
244228
797311
425191
793118
394736
591322
123511
515582
488957
160091
561647
577152
332440
789077
922903
838865
384404
980323
819874
594642
371600
615848
64272
444422
260379
672120
486514
70000
318559
545309
343533
562788
342620
768724
872258
737356
876398
995769
252938
365355
672212
330937
458859
4653
636367
898114
359870
20771
878438
179745
615413
250038
311945
679685
210812
88676
868157
697326
158677
703069
242635
502210
782209
101607
270934
654467
838963
147332
166588
608253
29040
838801
455543
487899
359806
91910
386014
719676
112681
780804
415773
728094
547194
727719
924131
758006
816395
308640
971685
491424
11709
214320
993634
310270
832280
780920
481089
671243
444605
647678
795849
989997
486479
251392
994248
846285
343302
896614
82313
972335
677418
498087
216781
224612
742158
657264
498971
74905
965904
470656
566330
493966
201328
76316
804236
549960
373589
285326
221204
818194
449356
533405
324543
935835
784797
318791
298472
644451
215406
897137
616786
409176
911576
833567
150141
653734
490831
165464
728640
973087
152472
294970
467053
870152
887638
787642
420113
261227
589320
157669
595773
38676
691074
920316
490863
475871
755460
305687
120322
487218
202824
253460
896394
114401
603379
562887
768135
94210
728351
13127
583649
880823
824449
567055
267328
712088
354697
687441
489667
460369
845110
85441
15397
536184
5757
506260
528407
277569
328299
165081
764787
531123
418541
661182
161876
21920
740421
446364
632482
985125
459491
216131
865948
800293
299538
649628
28733
654235
337069
518400
630956
182179
603841
646353
234715
125951
668965
763122
403520
997264
928203
168308
44740
863096
345842
206616
885016
602615
169332
33850
587740
145176
766334
970041
945469
65872
619669
974202
236460
956739
492602
867416
655270
612796
30122
406338
255099
699087
169460
658619
212704
614016
343279
257444
477112
205473
980412
878481
808089
149745
912331
395829
294921
678665
365870
756742
744538
985540
247296
980998
458631
256250
848414
630253
869046
878536
36591
640497
93976
722404
299117
306680
852772
158748
80476
329884
364222
60888
208365
688663
726985
120697
84492
538258
315714
966715
811352
60252
468607
58648
41250
443590
314899
406017
73843
700297
800905
626787
340795
894881
349191
156264
717913
201963
315012
798389
48199
195586
375630
772917
400601
102615
409966
1446
157226
725680
968161
968578
785933
953120
27227
343535
396710
342126
265904
470553
558775
583162
613692
899570
994395
479235
55834
712309
197550
887199
27050
245750
82785
402680
18667
483387
21648
428633
484833
178874
670665
969346
663804
456598
922466
691031
316486
319176
549509
98742
306081
108285
681904
436126
524207
676300
915361
580042
388609
112912
467241
415659
875014
66378
334692
893681
549765
356340
838666
550950
51566
509331
520296
715370
482282
959114
406402
315120
794642
472263
413862
617076
96900
612119
53202
621108
288419
968563
201150
193380
597827
184743
125391
472841
251121
460083
882874
317239
332775
721540
384541
384341
747224
421190
616064
745858
380304
22466
60978
174947
11081
991192
308375
107982
603311
361577
245442
408082
846492
962944
117814
444320
147687
243206
917161
915160
219641
800036
232399
68769
37928
616941
453110
785152
38131
69174
47362
934787
607992
108340
626086
135426
615885
934461
759760
219196
296038
5202
143631
142531
484498
261445
103203
632185
21003
536716
547345
240645
336752
296097
309414
891033
429390
278876
192537
983873
864403
239900
918660
988747
348240
544747
640525
480477
479208
400285
216026
291599
921839
359657
950482
406337
621102
53685
38522
642106
590401
102220
399103
443506
914669
224869
334539
344059
20097
527076
327932
400852
283328
762944
389600
631569
307691
30125
628398
303252
946763
844424
111203
868602
204081
61685
791292
341536
631722
829814
499994
738475
448386
415449
698333
879407
640318
32872
223466
176767
76301
67750
577620
359629
830695
483572
507550
654738
30049
652301
957990
976812
496725
69193
361767
700807
647230
153059
558695
278952
499225
58689
533780
463964
990490
232113
343371
147160
781338
83190
323927
373991
667292
901547
249972
497987
901471
273875
669078
931521
926176
143420
424685
422901
212614
786452
640060
376196
455863
198755
171501
955089
773796
705281
935405
764286
453746
278776
911446
235084
878318
751726
609075
545611
169625
859048
559950
71097
132923
229028
518970
575451
372449
943655
998352
101415
246460
638413
993963
702323
353520
165464
173764
127317
387097
109169
407955
840844
904298
835754
75928
782616
587480
201356
328227
757105
576756
404530
828202
226031
633558
347172
801482
522359
807180
316186
140126
53640
954599
134090
272315
308120
299554
446080
951789
203004
555249
359744
43848
459547
195498
636128
242164
782978
353836
86743
540084
446944
491273
884638
672975
641184
748163
990809
679895
555343
306996
820022
125335
777947
470464
397650
86067
286370
843730
554208
489374
915332
913953
533222
891231
109451
685703
649747
408782
39539
736491
465218
486484
744116
866208
675811
901652
614371
182973
581548
686066
6321
917922
327753
784268
388386
725404
386688
674756
85486
940896
680483
818
854849
730057
408402
480653
415760
58149
405787
971652
794640
871005
974488
55109
737213
650299
956761
867937
349624
538309
70355
355945
972583
398109
140214
360969
639865
526902
552078
241703
984150
748913
242522
839000
478970
167276
836005
411083
225425
241792
382735
20066
629149
357223
591527
882714
523874
548288
267003
873499
602950
853711
229444
575533
768172
886010
452855
408037
929264
521285
649740
913415
270198
408614
268767
265520
575890
104772
676603
801316
862916
575690
337734
8417
932913
929261
891131
973140
993901
674487
846639
596851
528198
592435
688737
296370
478446
141592
220759
407710
662877
386851
321125
449427
795466
589892
231299
887708
211016
907903
205376
590284
483593
59462
598701
932859
505075
6185
905999
498977
680672
268990
95828
208870
861425
784565
505240
856223
442509
242351
263934
621738
629202
101411
71165
424668
207656
302465
828729
935024
726720
550457
525309
726665
609920
124010
659524
114995
130195
81875
613972
810867
350865
226153
536089
728643
10718
557681
584866
969580
800032
365152
591318
429235
466564
178836
370255
190572
997653
198984
125596
724373
265794
650905
451038
875714
291268
626915
507061
421463
708790
121034
748683
59656
863539
284772
304651
874257
842454
889517
360189
642486
254670
951508
588073
237586
130344
958329
944510
644349
673665
70106
368722
939459
237364
336112
815173
528632
963027
322235
950095
671818
959621
698778
247826
823160
499903
552477
213769
342357
958346
573959
501195
729368
41819
89269
966954
688515
563950
427816
332864
237615
497923
217938
177075
735287
554050
508600
263919
33430
347187
730366
221600
823160
945497
469426
646320
445400
538255
376442
304109
496601
466753
321656
742322
508572
410925
225628
713439
491227
653445
46303
728843
151368
264241
422270
403007
334643
930870
183278
368073
794410
913644
589673
617570
859141
59099
780243
820893
113706
673037
125002
126660
139790
446659
868982
164714
373936
94610
878153
865164
264407
440808
110359
415775
705049
532629
335134
39692
979851
518412
407766
774261
432057
997439
908184
807550
572891
204779
628444
202949
877816
753446
845961
533958
716457
714943
698672
90394
325906
93177
471910
590313
533985
582269
522441
755386
631250
857575
795078
611101
375988
719196
385363
324397
232988
809899
131947
322231
14678
760391
41532
408846
30190
887494
942804
746647
602437
641476
353393
444695
251005
341655
35009
784990
923924
73802
540376
555174
931377
851806
682628
823717
87355
584343
664466
836695
394242
312766
158926
925272
589509
200458
334118
619699
604304
276922
882699
206742
434750
752444
167789
685755
94100
202798
987097
534376
276600
527473
605903
724330
895631
288531
64399
982986
872874
728866
336033
783468
41632
494959
708740
631141
211770
42858
767193
816074
836132
649892
539168
270882
402336
706958
472989
12788
426108
460086
547165
702709
503911
153068
943391
399542
441599
7790
898881
830825
736656
234914
614293
294640
246226
323033
925782
974348
882243
209327
790422
718375
859219
845943
989257
777907
552901
462246
790696
495361
438684
337861
714422
942595
7281
657813
858489
965232
665604
757370
796057
918612
508637
410350
213253
271215
733383
655387
245563
131978
864714
552337
850353
240285
398280
355962
534544
467533
334560
325240
962895
773244
179453
677317
715839
703086
335131
574328
668318
517087
848051
464375
952051
873040
874725
681656
144255
124460
853395
906170
256438
718109
458507
623143
474746
373140
979105
9291
840673
313665
850883
319920
86909
546689
997238
319100
249775
848721
409781
918094
882160
774184
382469
834211
647224
773547
515868
307831
414359
369263
214001
187150
603725
188860
810293
594823
562000
789399
604114
402674
619416
971350
238946
706326
518039
236184
541778
767814
601257
951559
202260
483417
725743
101082
317629
889319
874629
349849
197150
805340
235464
927503
992490
839189
116364
319136
434013
678364
624887
554479
597390
244303
525829
836337
466981
43868
588873
8760
328035
190131
476671
530295
673548
202415
631377
507529
91734
22358
857378
805237
827699
92843
732740
336541
448384
849104
172029
398749
43821
796916
953229
641211
41220
995410
993900
508201
555631
582774
33313
883666
772905
509985
930313
962805
712400
78043
470335
320486
100401
844065
125723
444452
936908
858464
297346
385293
223920
469375
300394
267741
266292
253623
908953
823864
765386
419205
332065
321017
1979
881731
721035
291236
391716
167700
254042
620468
245743
240729
940954
862497
84794
583030
306949
538055
957846
120647
439700
181766
590023
740094
449508
372667
993718
874813
196531
759104
294018
44948
596473
812350
926679
833860
103586
834747
1560
873980
455215
247304
114709
396170
109801
199504
495552
933102
737559
453398
570102
177259
151516
676477
917353
117376
49144
427423
992189
762027
702879
802560
323327
815704
614910
250007
649564
234848
84754
651125
108829
539970
898429
223538
452492
524582
939394
464396
974036
193305
917794
544138
370564
69310
220615
804270
186687
269759
748045
695228
548138
450925
14140
871466
782981
629050
637825
432546
380251
722579
83671
489080
778901
498452
228970
747745
23034
684717
212141
997070
878022
646287
541209
764939
231950
761824
85561
418637
547936
833606
630217
96074
800883
644358
483892
583865
789760
121717
16411
170011
360649
616434
175443
139550
114886
920766
403648
137920
605483
132141
651342
999857
778429
708903
764796
10379
470728
850357
945368
535016
200316
575585
147442
1199
219943
631335
101416
526056
269404
634179
212419
630053
250613
387863
285956
365499
824981
689604
19771
430464
821745
671114
430321
116526
380017
711470
126905
367097
78179
72273
418465
278495
164211
565908
796047
900506
713595
413815
426562
982999
47995
638982
613053
298608
543197
899009
664108
368178
588613
200231
798642
926710
871345
745315
43237
767715
973137
686494
134812
51317
275120
553278
846164
439331
635538
642211
339837
349133
56027
282752
332132
620374
438086
461537
918982
981283
360546
99442
349461
465511
299674
664455
908574
171019
926122
468163
455086
899260
154657
589899
466929
429777
659529
313093
385460
295067
471657
241650
160552
44036
40754
9036
664410
478840
470574
583392
460123
831120
682835
325936
812984
498861
990391
721558
186232
432865
706073
641319
332125
860730
747570
315406
806860
923451
628500
708672
734870
100157
466674
895422
660545
507428
904458
324955
986268
375032
424699
962743
722505
623886
288679
51841
122747
795422
289751
308980
228288
995824
466651
76765
372906
214221
392172
179766
137672
537024
404791
872542
153533
871465
284316
814078
378894
188774
139033
365162
80159
563732
327906
319016
187619
132937
370857
826718
928360
176960
652050
673000
172784
118701
749765
545690
849274
141937
241809
503298
195313
646600
892192
348846
518065
176508
162924
413311
881635
818309
294826
478146
898394
622732
797162
602365
272021
684371
429083
200381
861331
81134
873381
550467
716187
139499
96157
565462
797788
854318
68760
993102
500918
960953
341948
535336
653813
504873
948647
535448
839534
243473
13594
737928
382557
327108
340293
170931
11479
769377
371312
872810
366863
761046
939629
83050
900545
35787
164864
698333
406457
233625
207787
907376
710930
549736
959064
364743
570961
424063
416544
410495
183889
430138
664776
82798
757247
5069
253729
285078
290798
141394
157889
657661
418792
613870
257064
319337
649657
421928
534022
56115
655553
741810
479843
882835
807898
955259
247579
378859
895674
664123
305706
79563
610613
970482
162362
884212
975552
932443
169291
266350
590189
843532
440364
8981
457402
697428
328318
623412
119356
378693
195879
291262
636855
675722
174097
444753
147333
938028
339964
43007
118503
162022
122571
729117
132505
801285
613329
624409
250080
782620
407111
840270
142504
847475
849251
599907
61255
693922
223319
696964
72615
419198
988226
709470
611272
678675
670575
758605
616704
10539
317964
735207
172561
956887
980676
821418
758172
110358
962179
524605
409330
369291
364875
551835
733118
730478
151742
310726
424400
375061
7690
13367
794259
995916
239189
921883
674591
909764
680488
291295
436655
998452
542855
125569
955340
523531
946987
229864
633889
909167
270821
559572
794810
152048
111407
527928
882527
263149
838654
823279
638210
362696
836647
948821
358612
75836
870704
549556
501953
67544
357203
454960
582348
900058
580529
54040
939942
43869
283905
90183
953036
71078
649755
264198
223127
761162
308478
105654
540663
663485
928933
178873
26181
281932
644046
384794
357769
31102
450702
376074
98646
807905
831034
680995
707964
927916
251387
164258
971785
51644
254441
441173
122723
420549
705371
345850
181711
13849
967856
722375
193686
896789
417600
219868
178722
577999
121014
52843
609101
571716
945269
224100
379621
292655
421447
603937
220571
672834
768195
192356
724479
538989
149881
847202
959538
371604
709404
657601
901806
677260
896328
95492
574049
830281
315360
269123
408280
436374
321966
17381
8090
783587
757833
904064
76243
179280
508001
296814
852115
276197
5523
576594
815186
155404
940148
291076
527009
649552
948677
945167
326812
845006
40659
900861
675287
356020
686337
599919
308746
524655
617300
833189
308243
375134
737253
384486
70766
761606
197652
922881
37803
719527
499475
369341
391284
955975
176769
434645
605527
125447
379812
932339
486805
420471
349553
678444
776491
35890
278363
601590
560545
412015
434779
868788
303501
688384
769626
374268
449990
483631
297149
4146
203158
312977
373487
594442
268952
550257
29087
390832
192056
408899
323171
678861
829371
672724
357305
122214
224966
152020
723804
785512
564035
674935
170652
867537
363319
456631
241805
813310
940262
55306
817456
143420
884635
707295
737863
669940
773904
283302
60772
482312
692202
383943
161173
37925
573020
34830
160139
797986
703202
400296
99850
267238
75231
270503
651127
438551
727134
409284
251861
667396
980942
585669
327168
865578
809316
65031
535518
583221
348334
596290
65533
556888
496585
743059
594813
585957
294241
271304
383944
997444
671600
483794
781034
746832
270649
432161
185383
997783
357797
953596
181531
338739
55617
508700
204317
864933
90083
256187
964506
954769
852477
30040
511657
865415
289451
622822
451372
100044
894127
351668
97488
565727
835463
394874
828911
622464
827035
14294
620248
701184
484242
318131
39924
539859
826831
244241
404793
433267
500429
369299
388036
869258
915691
416046
251025
721494
555220
218750
821539
965699
570418
435379
531427
922233
830254
876690
544698
173641
890985
681298
874826
891579
999429
914750
431439
342613
675343
352584
775880
692124
238235
680268
561383
670279
612666
328760
391773
167887
547510
729664
649938
117929
165044
697717
556514
995298
574408
101212
168939
981745
782510
560117
873324
298292
474867
821115
640905
150211
690051
933137
842335
444639
129757
920070
114918
742424
765183
23043
426663
312693
752708
76601
946974
917752
774319
503489
429402
865079
121053
114693
846824
419916
674811
236500
718208
149678
57616
875465
816241
264019
808602
174929
708658
938359
611351
339928
197135
376534
879324
623798
205580
632032
216752
668906
66136
507423
688747
495538
372502
809801
610231
735678
229717
285042
972178
947925
951073
29794
823390
767314
810166
148344
458595
518824
86703
69947
375105
800191
962833
254429
423989
168413
402813
157093
837320
468949
180868
526067
480839
553370
852220
607422
289048
81937
892465
777579
546214
359890
807373
885956
643556
133891
34300
102152
652716
637356
688451
544173
437547
651284
798602
377888
819698
201415
51334
173370
186716
232202
215789
667555
785573
68010
274977
590973
666299
683794
368552
728866
560036
692278
614822
203593
342521
165475
822097
995237
802831
510548
55762
756730
161832
854364
650970
497882
572131
702304
187604
758847
934507
919746
426402
236432
504108
217732
343757
170407
417878
228662
899273
977915
437292
30448
181508
779813
195923
3605
291403
515106
514153
347165
788188
192337
717882
439158
206572
290013
657815
394176
48861
108674
313922
991615
345106
818030
209347
205215
504790
627226
433877
920415
605141
387521
950863
303001
167335
663138
822958
458738
694596
337111
322255
482784
45800
40137
438295
252372
330151
96110
646549
895364
204784
476823
886979
66242
811206
612679
787809
315996
756257
738039
236411
877750
125560
703627
697103
809247
366765
520061
784337
61362
373524
106593
60498
419324
146730
498793
671697
993233
111255
834598
404949
832391
827773
808281
898633
638979
420960
686443
471327
693569
940834
224091
87671
66394
927718
784774
875642
810835
821187
659979
388549
194711
282924
449048
614035
429655
464193
802084
939240
575449
153034
344190
407840
980808
152471
822826
136139
89783
25621
123819
299704
966455
347910
387375
549201
791980
688501
424843
602815
509688
601175
507717
704399
884099
473117
834786
830106
937310
153223
769347
29111
306257
629889
953304
803417
782360
776130
939557
388495
318103
63376
688199
284558
927638
591926
833759
719618
280427
774955
838785
306467
892482
346502
527218
776581
819619
878356
123040
273282
31579
408739
302393
337837
38628
255697
657606
337340
548179
597163
725835
866282
176891
930386
150840
104529
522312
500952
340499
319091
792259
179285
625558
684741
525787
669128
977674
861759
547484
617066
135041
579064
25805
437434
433253
580785
693132
90859
434477
757663
204375
676664
623946
897618
607050
291138
518500
645714
308442
858999
964805
100701
38284
106715
301794
80424
775843
795821
942183
323328
412887
77224
418744
955045
514658
851997
52182
724142
459208
486660
481806
663583
163324
622104
561202
286727
913242
79702
932441
221685
938701
897247
838738
493338
520314
656885
573762
296158
452706
32297
135838
381945
109521
554582
853342
140531
922931
905525
381026
382139
392185
862832
562075
71861
1288
639629
358588
914530
719331
291030
652567
174384
704629
7658
184074
224943
664543
274188
521101
633601
306485
173291
531898
416006
727873
385241
556538
167156
807118
453916
65648
199303
833100
627723
271164
834388
783704
629753
265270
19387
437135
917838
710123
141764
441848
894198
366707
106391
168386
404161
256344
991224
577452
788242
407230
821678
689835
480120
988834
496953
934036
570834
212608
767136
714909
125
601524
498613
629878
383147
518000
583365
300985
228124
725129
742833
638674
91836
365576
323412
495997
138272
314636
73450
442866
721867
411480
132702
718339
916666
146007
168728
487501
358616
935864
202410
358741
53741
701024
504971
953240
735376
88336
254225
479852
329817
513410
118526
421653
395338
441939
434003
533610
756575
23805
492828
994794
435285
625530
229486
351951
771538
398214
839452
646506
850430
558215
521599
420523
775591
542922
373763
510967
147610
144340
990820
477427
174102
625698
899080
569440
67637
849435
619402
340565
873240
112231
851711
308525
254113
81197
176829
542003
479411
532633
704861
329842
90848
226460
750365
382791
285734
640481
410111
433344
784821
917283
910771
958924
542981
326204
44716
126971
175639
180471
467536
48880
809054
319247
873757
579519
400445
566938
121523
396208
99572
826384
242402
706772
569197
509120
605916
854931
149601
16027
288276
934422
933310
715399
409698
476291
41603
970767
603262
217243
667590
587150
782475
476644
422750
172584
572515
339547
739523
694038
735755
355447
36775
978158
62219
122324
487278
668135
977255
636879
200514
781883
87653
133824
497283
13704
610116
55238
500823
729730
272481
168413
833233
54956
161409
255983
743893
733924
595530
483416
427963
847637
838863
981090
825795
417434
103414
829425
601922
597021
466304
802436
895257
70310
452613
908892
600366
579081
964130
101189
308811
236612
269602
658396
807920
431011
914379
68165
164935
26261
551581
109250
873899
906796
606692
699694
324231
710106
45472
442505
823480
511776
761293
235089
98438
213906
143981
698804
792987
624463
316345
618151
377427
585947
276547
701700
16958
707279
769865
698246
733540
321447
807496
123791
228243
414189
339838
68826
640647
385310
27683
980479
413438
788977
215568
511877
2883
875901
727033
312223
500365
43379
930374
877792
145678
723273
579492
678989
430552
349358
377235
680445
187157
701083
804236
931752
631624
144074
579
788624
45736
28262
769103
459175
333591
501024
487404
336475
893277
214437
648698
909994
774168
95424
787787
919847
818697
883631
598836
765602
749341
492423
962399
452850
709858
766635
384603
341483
427062
385182
130107
472798
929796
415562
448325
263388
432938
935729
116215
326216
150167
281265
752562
440687
893041
56701
360534
228090
940333
475722
993692
206026
484497
472443
658877
194356
755431
43480
535839
698845
945014
182298
171643
391162
114212
136321
170902
547151
72050
287117
389719
222217
84734
142281
179257
977775
715335
56143
205866
655668
531866
715910
378046
532715
188354
36923
727071
943785
596755
779262
642630
58121
477912
330625
449284
592125
466946
620186
655628
538997
423656
561699
277566
508390
220332
456823
2518
935667
512967
208384
107687
561185
440646
485734
93900
629000
39009
337324
89137
635765
116586
248119
693886
594499
578745
659522
702976
562043
796061
358604
617392
219717
920303
894959
244459
656987
868134
246977
592655
897453
971713
700342
974990
412360
186076
585243
557712
225086
922567
163202
377203
555505
411321
587441
666356
506418
246964
369332
584814
43025
727936
202206
779094
164591
613517
23553
821579
998004
786883
930586
895457
274948
630928
386800
687308
333357
972043
761373
74795
894610
440927
968350
966467
852248
555791
632824
875019
319107
2156
459833
362132
246445
662039
657578
927388
791909
681132
265319
789913
984367
195905
201722
259315
343186
588522
462976
676543
76917
740701
751338
487879
181628
719688
454347
33876
791831
87171
908895
110939
605679
885080
989423
852124
63472
647002
295865
855381
844486
561184
161646
828853
757090
879720
88168
100276
468243
67496
293171
61512
808197
560861
549392
989825
796901
3739
540054
588732
607262
965301
216023
212941
850382
205447
581418
913854
852449
877283
285587
696935
954819
963585
42140
711909
843305
646660
328537
311548
714157
138060
889413
38706
698921
438805
28532
495822
958896
568586
600907
566158
533887
816930
295451
900621
538729
393221
330827
391178
786856
616414
604465
741676
579999
162957
969937
423305
809618
298475
251205
40127
952887
140618
78833
651809
95775
107365
663983
54671
192303
264890
137181
242543
598173
432633
143164
136902
342206
473992
44433
129063
606758
648898
870739
186758
328208
840676
126415
137826
655503
893972
694305
608391
550943
773138
776552
646718
396856
440535
701390
105511
705426
838571
348054
819951
787556
491219
956853
129763
965211
1286
258826
571969
166537
645917
275079
494745
2945
917846
148923
174801
811819
843228
299544
362762
132718
76096
525832
529574
32983
227222
635086
254761
582146
499492
74712
369702
990711
31566
15817
472274
32852
274643
560596
715741
436912
352027
210486
439858
269874
359409
131011
598045
202637
430555
477159
335356
23003
2991
381282
55986
746566
532720
310748
328712
32213
385460
214766
539276
417026
230584
11551
966231
505227
88499
681972
458492
956878
892459
414702
226752
768220
545713
341149
487210
976268
818308
338918
999271
337652
720200
55257
84218
769273
882357
412930
801486
267818
627696
340762
684844
858280
868665
167427
879860
473516
365752
854704
430395
774563
269406
173499
542783
815119
31001
29993
307739
849309
368911
823362
703313
605464
394971
787531
374737
277329
200461
692575
545147
344510
33337
746343
202790
418355
913771
599002
408223
795875
453706
838618
570438
723112
528470
113221
54583
559471
659567
362322
925132
544830
185684
628446
150294
97008
932329
41383
374337
132791
733958
919484
993653
767296
182179
712795
702003
612302
311798
110226
408177
281856
465197
978615
521321
510019
608189
575904
585842
267756
454579
27326
812586
156615
172124
479233
253623
104454
520616
627960
753597
254575
547444
747250
538223
729624
460045
756578
341926
771843
383156
266456
570052
848353
245071
91373
874724
853260
667277
460566
637368
121856
4245
966307
278472
176369
445540
532095
280823
482508
676408
34420
253435
740204
298022
791658
469828
758068
64588
328107
46263
447745
594563
616315
812450
355986
707688
687175
725599
891318
664093
362967
529526
668338
845626
324350
361060
291166
372798
641883
290027
49206
192656
543462
789410
490678
851473
775591
765098
916061
620050
811362
363806
730965
944029
176257
86951
168070
379784
328902
59388
43877
208222
105266
228568
53848
429617
589628
861367
318767
747863
151394
367973
456871
694856
673735
463902
546329
449326
229000
462391
69376
556714
342549
316693
500744
518806
919997
668814
898590
248899
244554
458820
457121
866172
687388
510970
812141
277016
372337
130908
541231
523731
498881
998103
734939
688969
462005
797621
138295
691005
776364
724024
764072
118913
557069
264816
154072
477066
449982
52662
725966
694536
511482
183087
77060
715222
210409
889202
508590
582746
20110
49822
622829
35344
564277
357769
724313
26282
671742
378960
233639
448106
619336
997711
567019
176406
778879
721091
653472
228861
290106
895790
439749
317940
78878
516810
33163
289287
406012
58105
388386
942474
107927
11215
977818
672204
885336
218483
214838
557078
597444
964830
5184
733132
962541
88556
909538
257773
325999
79363
486634
616105
975153
442736
450398
570383
959546
483561
859671
881910
541666
764409
824384
165946
775624
318555
354502
177313
53390
569341
734391
167186
50523
255928
900319
13064
344484
326209
787189
186835
405572
273824
319293
897078
716560
769691
467461
192458
769604
843484
74368
827622
607893
415104
993568
899870
250011
864423
77183
303402
950116
327926
470588
639
583854
887259
530055
444690
213469
317245
147878
619041
591069
467171
516119
823981
236862
499933
16439
6466
343417
607159
834088
951311
538615
344009
367533
788627
208432
444716
92029
158548
288994
78969
159187
389201
966229
689242
350243
179698
522839
498121
315091
113908
965292
347563
454241
202154
847496
470680
724972
190913
77839
75413
658576
132807
419422
26109
921434
144206
987177
529815
819106
276172
608784
978293
665373
91365
183887
531968
787415
706727
30090
102507
336987
995382
966422
791229
713889
813918
778261
955213
521183
372453
30626
696112
505260
966400
722221
426694
626958
225751
472861
446064
501923
597997
940709
683648
689363
124597
731968
476778
347676
762058
95637
201015
273793
62059
508596
987682
392329
286858
942895
429865
175663
489874
125977
680923
972626
848198
623969
599585
590301
96830
45649
608576
694827
986359
808576
900542
627308
540545
377321
491336
302603
989310
208703
576396
567722
717300
80430
960051
520510
539678
389916
696173
29552
515893
377096
2178
880444
517417
118115
470745
614247
680117
595674
825426
666476
404250
725969
810136
944795
619642
817824
247399
608952
26527
823795
176674
743827
904226
653078
264337
960256
559346
960510
989808
591592
853958
508338
988388
371375
142806
975485
501974
822923
571159
327401
489399
975410
569722
815887
920205
189364
633711
683956
314668
660238
507752
7695
920418
928330
660773
184755
888586
736471
661618
394746
328063
31928
419436
316451
919656
562242
291937
421630
385165
863096
265383
390916
354858
351457
206803
275064
540821
840514
959020
371842
17105
983124
379537
937523
427806
556662
638630
832744
293133
300248
743842
621197
848529
163279
937648
768185
241873
745937
706167
627039
125386
487903
17955
480244
839360
741111
755308
896534
97977
230681
268376
115082
213805
164265
568957
157964
720927
207588
990708
14060
24188
250903
635257
872717
414182
89258
157254
656055
835195
863422
799446
960581
867677
817402
440826
707037
74865
712486
119923
172842
943167
904651
804277
673325
68916
373234
831289
789843
97174
338349
803904
121363
589252
439161
510432
519786
44771
667687
692194
879967
47461
491640
356900
915138
825394
314078
138527
900259
26565
258451
589454
486084
163102
393731
159409
748371
283317
507050
538214
380492
845400
342118
501855
951004
297632
12287
470791
342403
679974
162985
738722
727435
654625
95623
158925
996372
926053
297453
896631
952618
72256
486085
438703
751710
879816
114464
500081
679486
621515
554648
59978
983267
413118
561833
934271
710750
90472
921414
569506
770447
600751
824580
14234
771729
436555
689512
768101
362609
986965
664732
315227
575573
667170
270282
327283
63338
384747
343717
742824
522614
898365
802802
505881
311483
880987
440152
538586
971460
877919
624444
258259
478670
449024
788845
250399
885580
478357
18500
764541
981674
199585
596120
557247
866755
866403
400883
446445
767502
744600
189270
290116
159317
992072
312349
470800
873060
268853
525738
360872
146772
150182
619131
625443
115559
407976
392194
517491
886334
927047
282032
384360
126632
878152
941608
509739
260907
342491
956184
28409
603443
145454
834877
762760
653879
147226
749912
43291
416080
792003
404163
79204
942185
539646
704647
574096
947622
613194
91587
350308
540241
373619
734669
183225
251772
192629
692964
512679
51472
165500
57441
654915
827307
408670
934027
481186
72249
200291
40829
4681
992294
961344
83885
450832
500990
788533
24928
964964
918079
116516
831625
458320
6487
566294
641545
258259
275275
850861
287291
326747
16361
861084
981662
843668
786106
432041
841206
858355
148684
882035
863036
140979
843379
946922
108163
860721
251807
649443
825686
169886
282311
657311
628206
288799
739957
786103
547058
15232
636964
350701
341979
653325
728137
839993
496994
514244
272034
338200
372599
937070
736588
235636
78049
579967
698910
702564
440689
950717
352008
782727
636955
634319
440038
781513
439470
696347
567616
502881
711579
204580
853582
53558
374257
98072
409903
387603
612316
198289
725804
501267
135359
978744
253255
729761
75063
952165
432325
32104
419234
300685
814831
56189
451357
771221
837702
890827
467568
921670
393708
179147
126250
247291
749057
16860
861715
158960
404463
474031
357249
646619
491650
492609
625363
744906
222370
700427
213423
171047
732531
632658
471733
547363
205199
923090
834936
42902
813917
302505
964572
207626
998004
607175
971269
263414
624035
349336
422374
544850
823367
295976
191470
315017
788585
333185
576275
527307
33612
789699
698354
282496
422357
686439
346211
627556
609529
181147
186810
939799
4
667735
663777
998009
274910
151398
261423
415297
500734
200149
960147
840453
496125
667969
671822
801062
1155
248098
844721
34767
37797
59428
317263
976506
745867
663474
120414
871749
360974
823577
811548
360978
491312
991677
875339
766222
143075
653114
697871
160161
853264
174370
614
865741
842340
672436
183156
843495
920534
27877
394614
474683
87305
711878
967541
349525
891704
87956
221274
252678
911533
549174
130009
919197
540851
5348
201771
200278
658463
899642
360439
28079
74012
361053
893820
916352
549841
76976
276199
986728
621206
670814
461411
224863
382692
945305
574388
790748
549613
312014
559779
977498
861188
689788
896695
918391
695136
98466
118669
869951
998108
479108
898030
588472
356513
308203
21177
906355
385179
297376
893083
522737
968190
870846
263953
867234
816151
354693
657983
365764
666708
217762
859614
527896
423902
756309
962640
635390
854775
81309
505342
369235
76770
403372
474060
433283
711575
495237
339638
613107
792613
749073
652196
760804
619920
916149
628038
952423
270843
802373
834540
453903
536487
694154
981799
960389
966816
460791
595780
337943
542101
617474
707179
618871
537198
697591
52154
248774
192828
908145
378233
985441
657218
546781
262597
793490
462931
406988
262266
250126
209361
613158
704029
745849
307312
202180
222590
790480
662972
818370
128424
721425
952196
351955
340296
489395
49546
908802
738169
242374
816947
632754
744167
990518
179535
6765
300360
158818
413753
562626
925296
623114
175784
629325
885315
999449
347858
107906
789929
527182
442628
434705
248607
394825
786660
588903
884220
836206
497705
138741
78580
831005
287847
822748
821523
983734
829513
638235
142553
759618
717214
584201
899084
409350
729879
784400
408799
77737
408658
715081
604919
851286
149786
369878
762463
936447
958781
646683
772653
972838
301776
367586
803843
589623
190334
141718
573358
536199
296306
232263
812169
13520
816464
711253
422870
546343
495653
348022
140432
420663
63103
261703
271950
729241
631581
34413
182040
106714
197449
954694
79553
499225
838632
399748
88849
28966
57819
178559
81517
354125
410822
893686
367645
743638
604939
790515
289982
616945
138537
946766
37608
717992
208470
825910
963586
356403
376676
145626
463118
90477
616672
59023
589702
455304
458771
194903
622
32942
373462
82139
387067
300636
492177
271064
44275
613469
61580
850609
746766
716469
797375
300726
950814
522197
126637
914400
878601
19665
60026
858071
110142
676699
917094
216196
132003
375865
411100
132626
408808
300914
731117
312227
601551
739647
583292
645826
353116
161224
12787
99882
394045
810162
400608
344859
848712
43597
775611
727313
579614
835638
585384
689756
28689
502478
422305
677044
394695
833405
326022
319855
650671
57140
148435
252222
313139
731727
414400
666255
409303
427187
766137
803348
753702
683097
664560
602414
243047
440171
329727
822661
792161
431463
512418
820850
450293
934723
497895
361340
284480
823917
197548
935151
397409
345983
703726
710548
594062
118126
376803
3365
61666
659292
323065
815368
858742
987625
417782
101789
427797
263861
924450
219958
211676
953220
557161
661969
404295
55056
539661
205127
395325
737209
140279
792735
599544
844005
503283
193606
478483
396439
713323
540149
572083
552741
355517
430825
540366
289651
48966
484515
553512
973417
220826
765188
442989
777987
943509
847285
349395
483171
52412
744720
736732
709043
53807
336277
69400
557091
46235
547884
469882
275911
604385
558317
828652
476255
989143
885370
765906
38109
369886
835771
527878
107064
600959
970868
401403
544469
334505
750798
543992
386917
11870
280724
612313
65678
617001
681713
139121
179589
745949
609003
455500
350335
167320
800504
826590
672815
685874
592496
227277
572112
428267
271507
679176
545579
758727
80579
606400
93232
347729
150392
996502
359600
947468
608815
425278
80822
806880
564399
260411
552830
689754
232263
903165
373426
32767
246107
562594
718641
354955
306223
807106
299575
577730
486282
845154
336458
83214
967906
946042
430943
634650
458896
306895
582118
584063
248525
179292
390944
329276
439703
943774
19030
188318
363291
908809
737437
125750
987755
972431
480705
293978
779537
780280
871708
265819
141786
724518
865385
109692
186913
812681
260694
645809
119576
842813
229873
368102
22105
137169
213730
978161
80943
749113
682831
960586
657922
420269
86336
645677
392700
83393
456007
172237
863674
844067
954408
521812
84938
336146
147857
271851
148827
408551
434012
268403
251364
663885
152857
789822
317406
366588
284335
914701
115701
967166
875287
289975
387435
477975
452004
296487
561369
908011
985076
941395
268430
939485
463207
353368
275631
611064
625219
940810
19616
59232
725565
