10000
865242
90401
289265
748004
499679
506216
962393
209814
844995
416298
15522
77058
272558
429202
59918
185424
253776
265724
699451
485258
739668
945645
136058
870222
602740
448237
350024
10834
346026
998760
779060
727621
89162
584677
475625
588841
90893
438018
315007
452240
854316
846881
529298
643227
276083
105568
828651
46211
371293
528103
531470
627313
473748
183880
13887
592841
632117
363911
603675
494496
879024
899088
222117
484538
483765
214094
589731
91011
168464
904738
59603
539132
267971
105254
182359
544055
210822
11011
590266
98467
539114
638088
242132
529214
338320
256020
122055
970438
619931
242083
981286
15307
657523
719755
499845
657640
933849
605928
748651
618665
27018
324607
157797
294990
429861
340157
355397
157035
351168
462015
255503
406634
100104
497635
935848
438424
753655
574256
925214
889939
816339
422852
421598
473862
142607
921444
131502
592808
43724
396506
727825
70743
237465
885623
365733
667326
225780
721130
824361
93300
183145
596216
499934
799601
93852
952134
754378
363859
526390
195944
253798
859081
618797
191749
849295
277756
629545
497150
386917
673269
410008
114742
744012
647473
365
109745
831151
742497
347227
655512
835797
530373
251729
852083
329974
861933
804218
600704
225792
846960
796649
995943
706042
931798
187692
71689
209554
817237
568839
112823
490506
978847
227566
234519
626320
744283
860616
457471
3133
207844
629336
355282
254569
397417
207366
100895
259350
527936
701600
1494
891248
498249
997437
113642
430047
701481
185332
155953
518718
754171
785129
525577
249371
12695
276448
392043
273330
137064
365867
792815
861260
511555
148098
115829
908972
871816
733077
684674
399752
434677
686168
291000
449278
199958
404643
395677
901439
106327
67982
936510
860498
853111
462087
626221
382158
738535
18265
655489
391951
384132
964656
253212
895687
112754
885393
321011
984570
134822
522037
384322
569499
724557
191675
535129
924515
112670
930806
342307
218997
998789
278817
595847
368252
257256
222069
750411
512143
756686
922252
904094
140818
886908
673658
552857
999663
559052
390220
500585
693874
912257
884908
779726
636814
592935
314855
77682
221957
762014
419989
440954
277155
215158
553153
645407
988766
775222
912170
500909
531908
834422
405003
189078
721331
78662
258287
237346
154066
648507
737931
364292
560764
139191
660370
713931
248478
491578
791613
470435
253592
211602
911389
47099
943112
980895
208858
931878
756117
121029
432787
804378
955451
354142
509808
193134
432804
768096
430480
103222
932955
168412
983867
493720
823955
644237
207651
72434
135815
515616
542869
905759
727218
970611
952858
186682
951506
161717
118560
223975
282746
67699
544705
754549
938193
54514
947684
370998
338962
894516
990572
271917
579280
974439
281989
403236
618677
5992
992022
270844
521608
534891
176604
248826
21854
129462
951860
973360
807531
586772
713688
606629
654471
258393
877531
592665
312907
341567
480015
651869
236083
986939
923787
815364
961379
205776
734952
96408
211769
726974
367252
733377
778217
60208
498556
800072
189671
450416
773432
513554
553541
487120
636536
208012
261866
514067
317029
574773
855634
313396
226643
91717
816688
666782
423433
294419
388910
674737
390827
117031
918063
274431
366761
696281
334640
865317
496353
40663
832085
786137
70569
385626
789610
707105
109991
51476
221172
943372
142601
76806
773121
885596
684876
589809
552378
624661
884228
457641
299399
791407
574672
217462
582190
941433
430095
916830
323102
442800
473845
671540
228938
544415
573518
534900
767872
683509
102728
989045
143234
245329
582203
916355
130926
267079
22516
199656
408093
423096
173649
707492
214503
748322
441306
796693
206107
871402
229876
45562
314202
220073
717102
59492
280840
290620
110744
48713
490482
213472
37758
150068
975154
136313
66423
622432
403393
605291
338440
811486
28387
512090
35330
759242
260412
992988
555935
982871
864390
302163
28433
694945
522237
745535
270789
803077
552508
381534
851790
42990
111358
405900
193058
86512
542214
775833
225296
461959
897476
563737
789797
925863
75827
341479
685105
852591
334467
757392
835462
198858
575908
863896
410155
98145
125783
197296
417574
678291
578830
785717
237633
206541
191617
947043
809405
250183
239228
34702
712142
136704
598439
18291
578919
190618
359770
780376
43209
694238
537769
878671
409448
113677
742567
335955
728174
868351
533251
145748
62994
112082
931465
300628
834975
639435
247671
644380
889618
3252
679082
118113
139956
793873
136404
718876
984491
12527
15604
27700
706765
69725
422724
116213
183402
165291
452168
427928
549994
985419
90029
612989
613853
537846
429969
448828
177281
193992
609561
583252
197244
804995
701365
337201
598869
354121
572429
99712
366648
588033
643765
589765
657759
66489
705978
357513
231780
674498
301794
298127
176270
391823
911116
306475
446021
857437
271656
623303
51429
881217
722907
248674
686212
424272
102227
801433
294745
674656
901146
177746
779041
544911
767511
953152
611400
473490
827018
359532
664340
128812
657659
356962
36987
85127
663438
483008
942564
451446
622663
510346
849015
345570
759020
51579
286194
861247
853013
580940
52255
270511
758686
831296
331774
526197
300801
459526
516039
127819
335410
696732
772983
509422
53694
809970
110901
233484
292978
569818
201282
431994
80164
50297
777564
839184
101877
63759
216783
471242
644699
269038
258105
919737
616686
106231
962286
917487
82109
994678
45306
417519
691410
818289
443293
261456
144611
554195
11293
953942
124013
212575
385936
720529
262873
163500
559713
881102
743611
292848
868696
904662
561886
643153
824399
178572
749384
303038
96060
831493
297716
657718
765364
989126
992360
208658
250582
653323
279205
261875
607265
403218
990803
509553
640099
770028
673054
716164
167482
416665
9012
36178
837680
570898
195683
662079
265822
945067
481469
878234
292912
779185
52305
574628
768311
44665
783286
535246
697988
578843
313473
821606
498413
820628
331159
138512
590656
520565
854676
758138
453583
863688
310668
291263
950938
506351
469694
216761
967770
951164
94995
777034
730349
663652
351663
15013
708317
651301
66611
922658
230145
896436
260616
728558
717065
591775
867071
307721
112341
238099
65860
565924
101788
892880
373539
569078
399232
843233
785839
883354
310749
397187
660389
41099
60839
12052
572464
285509
663353
639075
724519
409850
535511
985135
654761
768928
576910
521832
76650
205603
276283
658862
287879
894423
551742
661418
463502
467326
21004
765693
350681
331753
162880
11070
889204
740072
539474
461668
541933
719179
617095
266452
129030
668959
251587
783791
437887
344849
821975
30889
66805
614610
689751
871036
509034
757846
48807
972536
225172
69811
738229
92205
917916
417462
103275
807121
673886
642749
785141
215819
878281
918589
482271
7311
587548
250210
307454
541787
111411
645781
572677
694568
260391
262428
565605
769425
536626
614412
258313
761799
684223
996543
854004
118491
930357
473632
925612
604243
632733
227106
820062
511014
145695
818685
34677
249595
585247
858483
307734
696658
504264
880411
907579
281008
659192
473184
566785
195818
87596
825099
473969
288171
821642
844326
406662
751999
317958
848627
872594
467043
75733
692656
494410
737780
27693
529087
503727
612940
903923
811461
825950
408187
208225
733529
205547
867417
206713
772333
579587
810661
597432
569909
98832
935426
414235
505495
203777
248545
354122
76371
715588
946207
285379
726350
200339
313072
255438
220418
442364
159361
548231
784666
83900
756456
34548
805800
140225
757613
578133
719813
568275
175565
806074
667107
110991
220309
688954
831120
468854
559428
907491
700794
21987
709222
427145
738678
538646
198935
959096
981010
874648
507328
282028
474900
780136
316576
280700
920362
74190
858833
156527
158817
550750
962601
342276
178093
699262
547583
9213
168116
107011
433056
385262
645351
142278
328759
384029
680924
527694
859478
178286
918694
883158
460315
393595
663294
293243
190647
583656
883785
49481
256535
42602
116583
735488
901231
294677
434750
448814
820242
119218
72177
253299
504481
717528
911929
349592
617910
109206
393639
477388
287492
312333
360546
264159
222280
23840
557403
412928
123849
441188
978761
896736
143
95344
632225
417726
906373
66975
866540
242968
186194
455069
12619
207027
172598
924548
72971
790508
33754
466610
784248
837599
778944
144794
101758
1224
684986
175513
930504
325187
133054
909265
221924
133197
520962
370501
67275
427335
437476
450167
670303
140022
905236
682922
863401
594186
123823
936373
901046
673929
919335
685294
511528
698279
346440
129639
215856
31427
305152
146360
872966
438206
571978
611242
87755
92940
981743
155030
36627
935572
605197
223283
591946
510434
422557
971700
104620
62732
908073
5667
736662
827408
207313
764542
42040
553754
894181
774248
101533
199334
436960
974499
637540
8938
585742
725296
618230
83837
396678
171210
19409
1876
394493
127708
28662
817050
99408
649634
879783
523833
171653
132797
867593
378967
897339
909633
449073
791521
200233
550606
507207
637194
41457
661099
162484
143551
386395
297067
227389
299426
468277
763150
817654
862770
890858
846316
196172
990266
12302
592307
514099
183956
241456
381693
79275
138796
807678
528348
446669
7912
78954
953876
161458
120411
614975
323942
263963
517723
137361
7704
333501
605638
770854
151155
984760
178065
513823
180933
168331
526125
289592
198783
226433
531049
96828
305708
186197
420858
834056
632866
945122
913010
103094
106580
549774
234421
946875
330089
268496
84236
854145
601997
206227
624999
753152
190987
319416
266975
888272
487748
309453
177865
202883
535886
225266
816063
841595
927815
236921
675651
77033
182044
105014
180127
804976
171140
930900
268203
501229
199397
868792
355374
317746
75019
496725
70899
266006
816142
854226
154279
820242
680031
848496
539477
215918
590114
355540
573865
517929
592461
249516
594962
290857
870882
291441
95834
42022
222341
880389
59603
938090
749181
931329
255837
824200
944407
843088
90207
276901
213666
760838
613495
893698
125686
152972
625968
232152
24864
199833
750081
617325
965701
861395
424535
836584
152836
36721
394958
891529
917110
970914
829620
666292
902243
601809
490492
363002
444897
97051
639903
658563
374241
253398
68613
16279
922722
694581
248431
947586
894414
998512
81264
860116
376259
505799
213052
45447
58872
124362
453329
975982
95276
282949
158626
513872
401110
165471
876874
846007
778874
33130
20922
153116
802880
89536
685747
725603
784117
934179
189541
194884
449043
270805
55000
825303
292956
784404
387102
351828
908766
840431
844163
520395
639732
2789
34267
40842
684612
427493
403201
463487
460623
424124
132955
263504
30012
818702
505459
330481
752881
695000
525365
718277
482158
96717
543580
775114
397473
930682
643295
306240
771114
487458
826635
410846
6599
377254
968041
691212
804747
371242
671051
781723
311718
804006
561579
341730
139060
67038
188564
408294
278390
713929
126571
760548
326999
186503
52015
724472
633537
695310
30712
921003
182768
373699
848202
705719
267305
816243
396931
72053
187485
584334
370128
15556
904692
931707
357286
43753
515097
545850
968399
309839
776132
94970
70388
103131
797825
638755
827603
431362
334065
374668
352366
33185
264719
716920
738904
532025
533163
652188
120430
237000
236522
490558
252556
141215
938617
126195
701320
970066
188397
669719
279905
964529
281041
866645
584012
78866
505400
411616
26580
839465
786284
895298
872650
567355
612218
127907
99380
661733
780095
219810
898734
532969
710368
151290
674184
165337
793837
891856
135403
982235
561575
415309
946764
358968
798306
47129
954186
303707
458745
980767
659524
761381
392417
48527
328736
520988
176434
428117
182721
472881
647927
81455
5850
874648
749098
196387
39985
542935
88243
175389
41522
166171
107050
504639
525139
421708
551768
995678
725415
10513
492797
901292
288246
885214
466171
133334
406202
158957
77803
588924
631838
242083
186731
154040
116731
452181
350427
673068
511469
438671
364809
552991
604842
988211
57630
646333
409920
125750
642011
651687
652615
134808
552979
940861
536375
535502
74196
458929
694459
151999
47853
842649
394082
750937
996690
27165
203118
347117
216586
714587
302140
581395
783931
423334
569607
841561
69668
495879
967312
228031
147566
619927
879192
216898
77141
415567
752400
667689
874496
963212
336040
438702
805861
246475
705991
802551
273640
909109
666021
6578
140049
968161
587974
923980
907848
673933
281893
977516
169812
765557
721899
317378
901837
601091
534276
978978
533010
803029
163019
923859
766241
499059
878913
572102
745534
584904
891006
535527
10365
557027
542105
150414
41540
646431
590746
949388
836716
872640
443256
6528
154549
681508
840259
56386
798951
890887
551716
331962
693916
714735
255821
460157
730147
134734
548612
992033
235990
439618
527560
246355
512997
586018
396770
70889
748801
503868
536630
585518
892860
979886
592046
47410
177746
948657
620148
976698
839545
171865
308660
533461
402952
80833
509971
133099
731919
574935
125133
967909
530905
169045
730616
43902
271415
127386
631143
20217
147607
167773
605735
40467
664012
714133
87877
841758
179143
708026
818456
18688
396243
643468
552149
799195
724301
578472
932295
972572
153407
573780
456833
684312
742825
187450
244566
14241
831188
392062
550810
978795
559835
672897
19263
740199
903382
623492
98310
82525
847870
916766
101213
244113
76587
169715
559661
317240
748187
8308
289813
417947
582088
746646
102259
841265
450448
863178
855506
281637
255240
406316
260432
331427
79213
796047
71627
982596
419540
169937
65121
783762
603055
682687
27876
679642
852402
103889
996883
116941
112197
803048
534888
210637
66046
153500
51902
516495
16678
907409
798132
271918
830077
574916
119697
425643
370964
191324
924591
306856
877613
506064
90618
480669
188751
634846
676663
41153
738735
189898
158095
850932
992946
209335
61569
575345
362835
113472
91840
379513
537233
889972
167783
883662
464888
287481
309305
352204
995157
233896
659060
872771
739961
749679
869792
445064
384525
546455
2570
123261
252706
677017
490545
245652
886352
68467
820997
249188
698291
429189
145053
751876
835513
312837
635538
300402
116670
944844
168958
628179
695092
828019
500950
951405
577698
887094
396470
478575
433550
399040
118188
686256
592409
125086
448260
478761
193553
785610
244301
408196
214799
389355
160072
566665
218544
311962
383419
851566
256806
552377
479745
468251
380396
980696
419656
474446
867790
816126
953022
817692
731518
587562
20300
323927
712648
984913
319041
422553
286875
563342
830749
18026
952697
507173
584691
687593
335488
968110
539159
592294
520488
18905
576897
417236
515953
996554
891683
900095
329032
361057
234140
576903
948619
770792
900830
661268
272057
736223
83821
558932
299566
430923
576959
768615
454448
678002
456209
789936
646113
511720
898583
682953
46977
475480
100189
562930
988386
508224
979378
317419
869281
729870
410674
334253
500662
311504
511873
772720
564080
112046
848004
863646
542969
941315
632261
513770
619318
604822
303706
781783
116543
718641
981088
163520
710474
81277
242803
698860
589502
738533
532631
975135
468403
943305
309388
485417
771162
821261
774489
335242
933308
622494
715240
992629
80161
347501
22751
215831
468676
326458
513966
101571
561451
495054
265091
271925
576332
24246
487138
682186
279131
19769
173673
747534
479427
999414
232952
250589
337027
523793
102183
786687
662639
817423
779317
742801
681276
802068
958632
149952
644878
472599
251523
722682
484005
32967
994607
576689
573565
998097
258875
852697
17867
948901
116583
13646
948315
865887
264235
285342
389681
882770
72030
52320
700193
367699
311473
897821
686119
786458
47774
330998
775409
815649
570032
259414
364968
80991
836104
454886
79089
94979
307583
613308
560232
940518
626954
508547
806406
407541
310242
196087
290311
382272
764759
506856
266323
76233
404677
952442
862691
968803
799792
638100
300805
369824
897514
182125
450816
249970
637011
529905
861302
460946
659565
421534
401465
286519
930082
724223
210412
756676
920310
17075
138948
201421
523931
405271
794006
444960
874065
173049
930116
673858
811149
230921
43682
225016
929398
10850
474986
566410
57107
336288
27356
716672
274175
945173
519543
204257
669396
729955
960933
106058
263382
616233
823832
303665
537856
617838
748626
411921
790888
195094
602131
118389
942367
162166
343405
871765
173016
334744
438175
746476
187384
981884
463148
461559
443409
499044
182168
112806
745351
659453
735216
8734
792038
559048
312399
846246
693239
577377
774520
484127
288823
376651
602516
231190
538817
462274
102956
228186
313370
57483
974662
17106
39367
954162
478666
999129
453206
177186
628287
714910
352992
363503
723644
145030
438904
552395
991277
132143
646125
282149
132622
934948
658800
251490
166139
713970
713764
785447
458508
543486
842930
433170
560593
398650
903684
555611
397779
873243
249149
542418
588153
602141
905921
828149
263524
861177
380544
771153
509672
543021
53302
642294
994322
228454
893785
160461
942424
123901
462260
400932
183740
305190
350454
744333
220192
770491
816296
134323
643734
65445
676741
231887
183939
99015
576388
963815
960192
956932
734968
986217
16306
788270
628511
10628
533076
38648
687441
991853
162550
149701
909137
862642
971243
259592
123327
191436
546435
939623
325759
190169
521420
518853
938408
221711
617868
514796
185526
94412
988080
920494
80629
4386
225116
225493
531366
758193
264141
218807
266398
943043
884860
175535
805685
856104
951479
929012
563892
497914
384987
406003
688083
906408
924856
142843
128119
542724
657639
829998
153489
645720
750492
750470
166458
491961
975963
697825
766506
240105
432984
32904
183148
317845
208439
505186
173949
159919
434198
737841
174185
819186
143844
378621
241946
585053
521464
886417
644129
179104
716415
797618
341176
983260
548089
23986
991573
524052
238163
758079
280509
671148
307335
980010
988993
32126
485196
679294
708397
919394
417135
882583
254932
77331
261204
496878
662384
782668
899648
306514
478124
132415
620484
335652
115675
168573
875991
107248
208978
114154
381679
489487
785302
689014
469497
774295
721141
954693
969941
429538
390440
903428
828473
161724
980760
89677
174955
159496
388698
74603
466010
383174
207018
602847
235179
839046
771420
111170
946294
496750
225324
844326
986238
10627
49692
972087
301274
770833
443133
271216
716724
833573
174644
545197
511649
671756
151227
686604
831253
56277
277559
813615
439451
484578
416462
674630
839976
704235
785800
302622
200985
11125
146948
703575
538104
196641
675663
355730
483826
118796
626946
200550
468721
317943
262100
496722
506051
413327
183327
853656
985956
977238
667272
425407
978168
600086
100038
818144
820673
402190
120767
538011
929667
267715
241586
467771
980708
433601
823502
464535
68749
966800
181437
53822
801095
443537
550545
307147
373216
250224
677155
359172
227462
344427
300932
205631
460866
917322
540127
797891
319512
660894
335902
249180
928610
93841
233303
909318
527442
573157
890205
596192
56310
71643
166366
857405
31532
233263
680904
404749
483487
358060
280273
227302
218839
581205
949285
196057
498527
489412
993949
334392
150307
846203
583572
595269
940044
333227
20939
467487
906385
911145
580031
962695
499140
262749
336452
530672
496013
533709
451773
979500
408121
732047
723154
626960
829604
672439
339370
328132
678204
849671
178876
828511
695874
278800
940132
635919
612027
961071
619758
518412
388568
199789
997459
404060
462538
850264
934733
474903
383973
386506
970756
792094
634905
693910
935406
464510
882702
274776
308994
560906
124447
487870
905769
820322
766670
362253
972593
378697
839676
592351
413462
744597
792140
927273
148657
771030
777537
83390
762286
161510
469897
733042
469956
621154
426952
405363
85664
826006
680139
911010
903264
320939
398880
809033
657613
681902
687638
630206
576952
527315
222557
990414
271912
531049
434039
420569
818431
727929
503960
580717
405791
490209
313759
875748
111363
257064
281111
713380
83070
477602
624390
986335
798541
539623
311720
456154
221525
999359
602712
798477
43026
825269
305243
314938
356318
739283
251859
174750
467212
272171
755467
873003
762380
585579
265103
390096
842643
546214
619828
925713
540169
244218
912048
855062
300193
740121
827569
521719
255832
430281
320196
298858
255551
141792
613796
128221
397427
865655
302971
864639
137827
574791
253994
416559
160370
35450
323007
3013
581664
459187
445078
638185
219758
873479
493248
519951
613600
320817
41670
869432
751098
878219
168290
523001
20011
298438
651223
417438
164093
954194
798429
818272
45337
568775
751184
205707
604225
590543
725072
702242
49731
170151
340427
269489
43630
833675
789440
173582
154492
831111
43014
421943
225682
727656
944944
245693
26094
596167
179483
706539
66714
977912
524812
112051
546687
792348
834111
667265
382891
75535
369507
432622
245686
709934
702111
805668
59962
7904
979250
214454
355367
538616
152749
581049
266272
97694
343094
292366
210213
522577
998906
276927
16841
40070
905331
79880
832418
255794
747145
215309
331329
116652
647932
93368
342939
866395
899036
402901
874299
394639
133707
229666
933255
286457
810715
199528
900503
153809
8246
110716
192738
7152
903996
209579
47222
809327
289460
879640
581473
36605
611302
912802
669610
259234
522522
12549
125629
937911
415450
516281
332550
65509
745947
782157
351966
73015
498037
252469
226824
506284
879538
935915
29788
783534
145494
593363
109213
434954
989355
690686
987912
600657
119840
657522
859891
642363
186423
501873
96626
118225
534506
429176
183734
280453
727685
535701
353468
225723
304522
96645
248359
700412
32560
278147
483946
178054
387862
109511
129361
377218
316549
633625
977875
952742
807499
354119
595105
993922
372344
691731
112147
906850
637259
812233
187303
881296
864286
57124
107019
685161
153769
871730
385573
702681
666230
869520
880735
54092
495383
526448
431310
811933
160073
925538
764675
483924
279657
876132
477846
652001
84215
106345
75203
237826
434931
262506
119122
299217
835982
742494
984378
989751
614224
369952
208784
280454
755824
89520
850899
251207
132320
798561
579492
808746
724099
860519
292670
3756
253003
286869
172109
337218
909566
247312
91396
344497
26171
210519
643715
378505
953013
144445
884609
83589
514397
93393
880396
786573
699265
731295
554133
831586
529856
133625
156684
770308
510497
965706
290416
763500
252575
462526
617071
678494
226190
708467
22991
768713
435338
183058
147219
904703
327504
31828
988293
358253
125221
385041
144827
824487
632688
698960
172425
678896
348937
845461
449204
375786
811167
739621
139287
580095
202147
272710
258589
944689
497529
281580
713403
932868
464639
376974
353923
308495
925154
342216
666748
566727
243609
811575
391214
876297
26887
79991
555194
892177
925452
4398
267963
736620
744019
923602
316715
462518
712664
575304
923560
210194
373236
153315
659414
354227
530289
13337
662722
455443
871906
329471
22170
115515
657398
929737
508165
200638
526080
63359
92815
967885
67757
877130
704505
328129
800733
537572
790647
513397
629228
714207
239943
518816
867522
415709
873044
914163
429047
535766
885958
817305
381589
424481
449172
555340
870570
957337
272330
396650
20696
881497
364535
604806
758627
585392
932935
75712
639316
239934
105462
784896
470494
861757
303713
854368
277467
176757
768532
222866
228875
654490
556523
126817
595323
5695
198509
465893
479385
470839
862544
500081
868688
743431
621239
143667
845176
554174
219380
484492
310461
841194
269389
780955
702951
573102
151675
496770
266211
920207
719636
11438
91050
276159
654607
686373
798207
853116
668619
277592
840307
47515
294025
225347
790946
915265
369015
636122
985791
588395
636967
812604
945941
906356
109911
165244
995810
261587
662015
778373
181794
381651
306163
789196
174163
960771
991922
488722
330239
660541
766314
170547
708056
576691
395894
15354
491956
281261
651477
994100
386008
804796
323056
331949
227504
432968
497194
223314
694555
159209
518039
392701
57212
824202
181898
747727
784973
173820
236449
115213
350713
519115
802112
58769
95807
714358
74123
104115
995620
241952
98215
381628
46748
421272
229930
274252
854240
727124
13918
65147
402685
48309
457848
976249
872512
639746
723977
173837
329918
476778
805402
680631
995894
123866
739400
91701
838225
329876
195816
350197
88180
810384
248177
651281
231656
478107
441885
602248
721583
972156
667395
124268
20465
641595
616870
409329
281342
340847
583167
611260
333977
904921
808244
329871
28788
63996
421572
383365
393872
133741
733562
998405
944125
981739
166038
692133
976199
607923
294381
697782
96431
478128
338403
116897
119723
955273
526226
917417
812472
625745
45030
146449
47019
853274
476321
75807
917270
414245
459172
827495
547986
709086
342252
8463
207177
508290
700596
183376
632565
511329
881159
728997
989457
219562
362246
625533
691187
888472
59302
503659
30570
104332
650108
77589
473958
642781
669748
907581
573379
645272
735076
637717
354358
593680
646181
77887
618322
346777
261264
250887
858107
658775
979884
363916
394689
342130
505801
85876
746955
565104
105887
293877
185788
272347
887818
659747
915129
557566
567328
4860
202838
818756
642577
557196
928788
805110
151435
547110
151888
412699
797997
526347
587826
294234
406615
982515
152716
912417
584743
416023
993873
690630
709900
179661
962978
597718
355760
394459
671636
439440
915671
874474
774548
558248
948022
703336
363359
99458
766798
31599
28509
564796
557946
616336
375382
964561
115203
528098
393330
216299
460474
387203
906929
686726
83217
386259
800797
438977
297070
472433
878418
212741
346908
169318
287342
811282
389007
650701
427092
155805
198652
455602
236953
756598
588290
612335
237511
703493
656786
630842
919792
117260
18045
343074
803986
101262
729333
121135
56592
542756
593569
451362
755497
456829
620680
42839
268111
9687
209892
211556
165493
408544
667158
402446
681494
255448
531134
919006
475293
187920
66200
395086
821532
600597
738160
141870
218212
983845
263006
274804
42953
856575
242518
798451
829756
863198
357642
614219
389238
567535
825775
71083
492431
492933
473529
173926
264733
521015
609284
740027
225287
675484
651465
46819
792433
905977
705042
10645
406174
968048
801801
449128
340975
44319
247579
170731
423870
121573
784950
813108
205460
127078
884191
697892
620011
874072
388170
401097
395088
997454
657476
136727
189290
308941
183547
498075
214918
888589
508721
621092
372989
826874
70220
713964
871194
834151
401047
811416
472077
702349
624524
677537
829427
25067
375429
965791
415491
279951
366888
326931
793757
24364
463659
499399
849657
163558
997475
64575
52147
22548
202019
941488
849422
788592
171804
236968
139095
572851
48384
611172
275200
189260
288710
620980
214327
180491
586771
629819
460443
953659
473102
770552
494375
936761
269952
344032
100319
267427
924959
668818
289975
126978
610306
139397
915570
782110
376366
571018
871313
941102
182190
662866
130363
987252
283846
861042
167744
870617
490861
144539
340628
480316
915091
351355
417077
185043
695387
33749
968822
620346
702567
258797
263676
829226
914547
695599
127688
807265
266617
515354
748367
965159
178220
878730
952412
978418
739773
120156
365387
746986
781047
706015
227302
212490
57370
160732
913886
269109
710833
882708
405807
929752
657858
185835
758978
572405
881434
403019
379670
664403
434725
128037
629563
129297
523120
581975
107715
779245
218483
473102
526231
515882
695469
269886
728372
269191
946970
642258
538300
657803
41319
460459
587555
699177
646294
862886
271582
44081
782257
167604
708484
216982
811993
338047
346279
335113
436374
970346
630710
654857
443448
673294
170739
138917
459532
415464
924460
406502
57722
462760
580657
99041
439571
168212
314570
85865
547450
586152
129946
846059
270108
354783
579393
82102
692830
925672
933567
129205
896018
564278
300414
855818
237572
987506
511087
697104
402970
435547
619958
977044
414659
200615
592438
854230
885179
907008
456448
948982
493161
102746
795041
763269
457529
374435
361723
150360
816459
295291
795917
228830
375921
612683
601000
129845
600189
112088
826949
519511
547635
963259
496556
478647
163874
88994
332877
565405
996002
789325
514387
5515
892072
825781
285137
349601
200216
646860
16313
533027
458503
328582
761857
834424
941266
362858
480621
541455
991298
307570
577319
55285
787181
73875
533932
951055
679221
866810
516461
675223
172487
547200
197091
580911
372981
482228
446865
89549
645440
463178
622577
620296
308113
900786
971072
249379
779996
451694
307186
771294
275616
884505
826580
62798
474732
360512
530205
153953
743674
563018
345529
916162
110219
542620
13425
999552
541200
460290
89102
702992
439821
228031
839640
747934
128817
810713
997313
908814
778759
820851
196460
570727
705357
23040
633525
180089
899905
680083
850395
643579
243101
195924
76093
869672
254896
89519
869225
312448
549809
958327
531792
505982
186358
371433
253916
831527
698498
767581
256693
477257
588433
453154
47984
810142
476194
197862
506583
892451
877945
356978
536031
121046
69254
612124
507071
324150
217995
376296
152950
284157
850975
684743
790139
553685
56176
560408
385212
754674
327989
641906
748283
432774
611412
312619
242916
603958
510481
749500
496410
904778
622830
32441
542177
208437
160917
49248
48939
378913
425544
201890
663070
792871
886633
969561
346556
459161
529969
248120
730187
857959
406378
478470
290733
17790
307441
50002
621749
334275
315854
118159
239053
455036
666952
297582
663473
827869
346830
712413
723134
288726
914303
902556
597949
317288
872118
944505
776449
402087
708978
506636
260046
115356
501458
67132
649499
325251
633486
271248
659526
949340
905759
414932
404376
89063
712514
67850
916932
575697
780263
156419
380775
210918
58975
978725
44558
447445
439582
821007
849533
664912
843995
625931
780269
861805
693063
946120
187056
326549
733720
362935
792241
639479
777867
196618
728542
6733
780820
161826
98782
77435
834597
479558
804705
409925
974635
849263
857370
930569
186622
706903
595482
30617
332835
892103
408774
542250
838223
112182
385152
571943
475117
177393
727774
769336
890363
972668
776070
187535
134494
874852
781322
485444
870762
586027
895369
845397
435290
752739
775967
621912
975995
887801
168881
308830
779904
577655
367432
618127
689838
752584
706422
681307
446330
434196
450644
336693
406864
743066
40581
57710
617918
821903
59506
5033
407931
954875
850430
359573
223967
142749
981486
199962
30550
666719
508792
810454
760727
876224
944933
450565
145161
651355
648224
591491
601903
98868
444536
525119
841934
485117
99182
976205
823373
158688
981238
231304
113564
348020
107229
853883
7122
605067
53845
37672
271787
562637
364479
32514
955213
825764
999431
100374
993472
647655
208217
595375
262876
652754
636847
621162
654223
736029
597367
477596
411069
94957
225252
40985
959330
332482
894868
482804
937549
948713
520476
725688
27702
401307
758202
499268
743424
757633
599642
736896
921641
324212
848623
184517
976966
485470
805679
631189
737851
919399
625138
148921
530708
850390
189906
6390
699224
601127
489194
636774
549840
526023
362462
577543
443682
637017
76811
187106
911002
192805
924002
832643
517017
772626
533512
10335
774448
855544
157877
512300
291295
783015
177573
822003
149757
883831
344746
848982
484958
833940
485756
551151
359963
364570
645046
319998
1587
238209
507104
428942
431014
431107
261585
464384
720085
311450
991071
10885
166994
148948
39537
458289
931963
217110
796644
81721
617294
141390
447055
102252
491683
932811
653403
367998
813733
814801
687996
331673
53010
195101
760615
484025
142560
538552
464761
378997
850002
455832
389882
533348
121133
945772
507989
569448
162882
820986
167521
296528
478728
614576
398781
970411
63739
568536
854762
877473
383338
542758
209146
436348
254211
486113
436725
913123
541017
417838
292120
907372
390023
198355
440720
511156
144127
465062
80604
823361
286048
248126
119890
764776
379054
35023
251540
442794
119911
106302
320267
19601
649060
45765
972302
419624
531878
925379
332747
72895
343218
624868
496619
249593
339575
937340
760749
54
918754
357705
823415
204802
122183
459657
485930
501238
11032
737470
944032
130944
360124
264299
150545
525537
826416
639199
945161
874646
564579
277908
463893
424149
419128
960513
673742
275055
897853
950843
275109
332959
824900
98525
54113
947084
74534
540043
964674
85567
793866
908706
216511
153990
689357
883408
679527
32125
38960
141040
906771
603539
935301
370664
544040
870781
331177
734134
145837
745382
684977
420946
78341
26229
35823
132454
489665
110358
188850
454339
712277
982716
879397
928788
653058
85106
328548
848938
117231
367508
989978
24002
487399
925279
911019
31439
796061
242196
281925
941898
503931
966902
879196
582272
509484
431372
231079
999149
541730
419929
453489
254007
918997
849238
699147
572055
934345
544047
420993
51576
427908
927324
591931
915307
852603
502950
463099
165016
261498
745024
623266
765429
228279
18815
864054
254115
450187
611485
253264
508269
547766
223105
762276
466763
72344
977775
555170
6689
38174
976164
574617
466082
419840
682900
897742
788795
702202
877193
953812
480053
138569
93430
761834
883200
112245
625888
137315
562432
237373
390580
70701
301491
613685
349329
768254
686029
327104
323425
209070
365279
815941
300040
347713
235781
982940
245455
24576
201495
122648
494740
681548
261218
588171
443382
144418
700416
585623
281734
262849
339348
188666
849902
640840
802351
199232
409094
4733
526336
248871
730155
407967
581164
30195
272033
816945
529488
517488
357874
730983
156489
368966
412531
934059
473489
372265
594829
173906
957888
876563
953107
297237
581581
803009
938077
900285
2241
863523
905018
44930
112395
151525
969249
693559
181721
241282
26857
711209
275123
901083
958544
947964
270049
371075
882023
743539
259692
476852
433797
217581
869768
903256
514818
451349
706265
969247
867986
224859
832770
773004
786141
461517
440882
271742
155077
622603
513025
698286
850164
304500
599369
808708
252464
385770
696135
650839
645661
955827
127691
79458
689760
513811
499066
720930
481513
205332
690177
349499
946543
39300
638856
732684
500817
79738
4426
172246
702341
33803
870532
68857
854655
986253
393917
623471
888376
90052
274310
534037
562231
918354
129848
251992
432165
628914
972922
913678
350598
179452
263178
297141
218752
418386
546177
235921
498124
66956
408168
716817
617111
795052
785674
471767
781306
179591
611590
186034
785995
885901
720071
348226
320607
849919
116570
269124
478834
605845
699155
345784
785297
478685
642926
520401
897071
705455
756322
395195
772411
680842
112012
389523
475895
414038
377642
773553
593629
989232
959587
895976
391485
679658
760554
712092
45930
877125
981217
41116
999322
196724
386900
300971
675409
546178
821372
572480
251634
577694
967675
24045
258537
79687
929920
250784
10077
307562
24337
120058
296795
500276
16034
204632
696286
776588
916725
742216
170065
414294
299684
685739
611018
202937
986710
286427
749115
808082
375259
517101
902129
342934
541147
677018
938973
987419
927802
949050
294982
468491
69108
108129
968767
85142
312761
181405
378082
745838
439974
64500
676484
739658
750239
803854
942595
736950
606633
208063
61384
981892
725164
963513
324826
782663
640531
780151
770083
84685
729201
581417
553176
798309
205898
38295
399803
35011
736053
294238
297202
176027
358738
490038
432037
625329
293893
890985
362279
416878
99048
940016
398771
340564
903529
239949
123228
60413
20101
409663
145098
265654
507432
214627
63964
229682
769274
980119
264693
505327
274357
78247
681354
149447
568286
629744
774777
378531
520729
653408
795409
619777
593424
710532
960341
13306
950482
599921
73719
486935
525936
735169
752589
549720
466148
332905
295754
235423
829377
76800
257102
103734
155047
454809
253182
723333
84553
544311
618216
605282
197719
413626
741411
307496
124158
701752
320802
590992
818026
910873
594279
860314
646042
346869
926387
628543
196126
222141
863966
25503
298941
637420
645590
453989
92229
415124
693674
176782
959435
311891
298416
673506
241869
39827
981002
882379
257932
301804
473372
75958
212677
67651
452624
375072
930872
379011
519967
643351
117505
383933
668854
416446
537705
830796
386787
629935
245920
596814
323069
721707
425057
621486
911566
666926
661313
892568
549305
919245
710725
539029
511555
439754
606681
480532
814826
537553
859543
334793
180904
493400
235078
366111
909847
289136
713259
812986
919071
475532
409800
758492
713591
834857
379978
625157
18135
557644
517726
83793
476889
228451
622822
504797
668205
229503
985329
999384
283409
844872
850529
980665
854625
601960
863128
280824
891096
576388
93810
326519
568272
19963
85011
281863
371172
981342
907021
389308
538986
424747
473101
532227
169550
612275
37024
354107
841779
22353
353491
641540
383578
720373
138557
238203
322333
1686
519027
729781
94426
129189
56300
662698
149152
657663
944561
520325
639005
851582
425985
694343
792681
415438
226571
962231
27713
263595
832691
385844
285949
186182
543736
669527
422907
682294
907730
261592
200332
943109
991373
294758
72298
564025
473808
221451
221689
934721
258128
377046
302656
200465
71390
95337
615903
297961
573921
159968
561556
922964
545813
363857
109146
89549
33384
48406
288195
457466
309998
488527
400575
817724
299637
472874
898101
773445
210677
636142
224519
985157
13189
527175
185622
600931
138864
801525
898892
229137
477845
976800
152101
23658
857010
777600
629560
890394
826006
917755
864213
652356
406283
264788
470080
222272
254014
368182
512070
981043
4324
736589
966200
533865
263764
151822
134796
918980
469699
550040
148118
947545
43193
300219
487555
900203
77819
633467
306949
420177
551223
171162
72534
473858
952303
542614
696130
206317
427148
724552
187361
947825
461141
669913
481690
241257
338088
132839
160238
324139
199231
308356
271684
242424
608575
275592
658979
202747
909059
965929
622924
976634
653443
695458
450492
605746
754425
662975
328416
697925
387527
32129
645750
365021
702042
643793
606278
40130
292984
766516
364270
492215
74872
152306
250992
199800
944250
426323
402547
853310
392252
541823
346296
562048
237282
313141
167794
991707
976116
12562
205984
879995
44691
851735
245016
746734
11880
367647
303216
821216
134163
183838
313431
725388
852497
80775
441540
796747
507099
360439
166409
415703
902262
512706
977751
139544
825847
661898
647603
318315
674460
853588
714662
235504
221675
476031
982238
749907
843678
801806
571123
977841
985645
400906
219581
838142
998034
661121
151241
505133
537912
317651
437188
440175
346709
414940
96071
688908
593190
743675
7223
784002
113615
238237
19506
851642
714268
518096
117901
557946
319903
689024
52140
821900
606282
788073
660042
604316
449195
327635
109449
503459
645286
546638
943634
508347
477930
39706
197255
587472
299733
720830
371474
929700
959068
907333
781342
673336
425429
899243
747635
261684
104619
799775
83584
710901
587848
259978
831570
553395
587614
457371
56855
749252
520361
516841
257600
514643
556547
454855
102115
856280
692038
989942
785980
651106
897275
83674
840794
839056
499269
588429
100741
603888
904556
700677
831142
8757
960656
662712
562152
548270
636435
135359
813874
156797
652201
71474
671440
725100
42682
773556
97733
734720
279850
400065
902178
693477
483740
259324
532533
983009
847754
149626
103250
752310
366656
450744
761067
327312
629808
839572
391934
266243
491283
205808
423040
143484
793635
94481
868585
836317
384389
482670
87389
180591
882735
505919
874068
366475
765243
922953
865837
129349
588932
485439
881660
955588
936183
159079
282900
565991
515003
191186
832234
6287
396994
771627
666123
706981
382460
51060
543298
766849
533730
147039
947440
416466
169310
337860
299293
934554
260813
681482
63903
849745
166921
461915
805333
619456
137347
604585
701799
168702
795771
534034
174989
709118
822013
357465
416099
204473
924877
475750
487674
458608
622789
951466
391426
308452
289326
207071
243006
66491
888554
306909
916237
571827
285177
237922
191284
422524
358860
893083
591226
154631
943469
282568
863749
765482
156385
796201
486307
81262
271951
973981
56222
411092
925447
447648
719544
731125
654720
962550
797617
59626
785812
230206
631453
587341
984480
339089
526217
343340
748525
117443
497972
691994
916363
878073
973829
72748
674274
460136
670363
946225
950470
726585
873670
392269
174234
593214
639747
345306
72117
437364
921284
374281
183922
552737
961622
168402
408179
487839
511743
156704
121634
526067
848698
554350
404140
338879
143450
594767
315368
813813
540992
265838
540399
931014
174459
230985
524229
814206
92643
112698
767922
13927
486979
951844
83016
964953
120247
491195
452792
148342
647899
90778
674409
12950
645128
78549
351829
788579
673316
183549
118744
730661
965739
175495
178027
140199
406480
702256
470757
15475
814954
238680
29402
818285
190524
628771
783238
827123
119966
752382
975465
284218
359513
166226
297168
4641
244776
165349
309572
434444
348899
944669
681457
314638
120164
859485
971189
42997
78093
441947
58472
409400
196979
604227
227685
387503
232998
527276
730979
869316
796010
222796
153534
155523
389023
967054
676517
150151
648756
502441
100947
997655
447110
298757
828645
567275
158242
316187
610272
752687
758134
185096
162087
955113
305675
906125
858968
538673
433401
106299
924342
229411
329096
594228
901287
234471
561283
577804
384622
210039
80245
1921
724046
527356
300678
69043
610983
458920
385230
737607
727960
659716
922703
890047
131181
228379
312524
506502
283404
745925
612801
207746
491689
458249
318327
392976
692720
879610
970780
593694
606001
567377
595616
846399
94733
896294
915442
705716
871567
817025
443323
599527
476741
882379
5926
607923
627110
318451
114425
910514
580728
243578
634613
72417
701828
952940
981745
910900
348902
468877
504595
954903
36255
616563
317654
647340
512857
749448
869409
900776
566473
312732
500303
559567
711463
22582
683842
338573
341033
314619
765440
921761
558197
916405
510531
776377
385697
8628
687278
734599
993858
191873
205854
30113
808436
523508
193805
837645
272956
63214
738422
355782
375947
755077
915349
603762
777659
599191
458688
635044
913810
224128
556806
988359
656885
583689
764737
42582
108669
452015
777181
102527
160240
499387
132640
485028
539247
326446
839025
812203
906012
93799
684337
281959
848877
599686
402074
142888
715229
860762
777933
629039
601242
851091
133751
258127
434780
898488
300709
59801
866855
594242
162329
543447
93629
811321
544827
632876
654119
383852
961431
560132
994004
645769
358443
842881
761807
760517
985769
477037
137631
763702
622428
738873
614793
756179
997000
565925
171019
814061
625727
37874
408303
788056
97673
501932
115729
642500
651160
769849
542705
612592
329981
53061
774713
688424
895942
536520
965294
398063
13557
102925
161766
635986
841799
292911
908517
355151
375189
79537
169213
916
633763
93868
305324
731437
112153
421053
890289
763313
190902
949346
892257
37235
2407
666970
242012
414701
719843
207306
812765
733400
826583
490883
885738
668382
300146
794256
539886
675335
873793
225451
676251
23908
319319
497927
755345
947824
918981
161987
711138
626235
627685
119747
179823
630093
303070
421835
561146
22913
629141
373911
756313
455724
864794
158404
640459
164941
952660
696697
356628
342805
922148
32880
883065
757819
47159
154763
705644
482492
316750
933134
108728
460787
52881
288551
90880
355951
226738
652027
378864
855879
542290
651530
827955
923437
326286
468414
604730
795298
165111
961358
654455
603611
510590
537520
877783
557750
692283
583427
40242
525385
32913
665322
986173
85794
470225
593405
958098
696963
761784
853314
69194
304075
21196
897150
743864
347482
881916
348594
142780
563380
309952
797235
166991
336895
334756
44774
894645
27039
144553
451239
68777
177466
632914
54950
779613
103139
648355
254063
316455
410140
107377
385649
230567
128574
799151
974431
476056
681068
323025
618837
244448
149329
932424
927791
486224
267180
488918
897221
810572
149823
348461
879349
843642
981375
450651
139607
600866
99006
393670
433673
25498
501047
335675
256065
145973
134826
230496
622030
332246
69873
757219
576694
219203
689643
20838
221779
473176
26108
119001
283748
175931
467462
679449
19573
965189
130100
159180
82407
745458
552850
32433
770957
570250
368108
27022
716223
502934
773871
854605
835181
843744
128176
928227
579299
817820
949065
801079
807348
975173
920080
91096
667457
903894
286897
687030
385435
933349
362563
984194
678807
431765
16627
449764
2015
384735
993139
234591
404022
283362
605548
239203
643458
733725
683782
222758
67897
149200
540189
875245
640725
460269
482693
308182
880515
769590
511565
265950
702939
874128
766496
381746
822245
783124
347863
340613
167859
857354
575204
571881
140716
697104
327436
300526
430829
11219
523284
498726
160419
63473
890323
801144
40094
373016
625679
436961
142606
137244
702911
361897
527724
469408
259996
866321
768884
124211
206934
453095
981565
782138
24977
638633
479243
868765
939159
426424
396336
978796
441503
556755
558621
331826
874252
115068
704843
16283
552029
363801
669879
771293
725699
197603
757053
502047
63924
525937
626258
270859
979032
607823
569349
520361
762808
564944
905479
218319
507721
301815
713467
949224
858571
788441
281050
249175
903509
985893
265458
455538
866047
935337
743183
591746
649292
500236
610145
229568
542525
236403
16779
521558
360578
102481
558271
123386
667425
463750
858057
175146
765566
571525
640722
140489
359966
921773
906016
263475
424018
687826
235365
290065
139515
978549
398163
305159
995137
8308
534727
537663
244711
551507
575573
605289
653988
650196
245027
837765
113947
103085
529264
395865
190962
169986
52706
550928
608111
475074
330755
32130
679252
82472
838547
818767
577373
753063
123926
572511
761371
175005
626526
522435
242864
202099
644076
896852
368647
405456
250970
998946
508541
296586
394811
215855
466572
963869
766783
591036
955295
613890
139518
634547
212714
978065
969666
790088
731128
93592
878951
8852
784950
21829
531287
27814
740280
691715
441019
108927
97171
691989
107874
122064
504927
19037
337919
487851
499259
621054
78887
454554
234944
218405
605454
964011
712823
575120
754099
443951
185065
149402
969155
970015
171231
16794
514181
911511
708510
955200
536790
805681
163541
644664
444098
668468
180054
782017
156320
679313
403072
235207
133867
154368
969965
255673
118379
682788
830794
388830
643091
532211
54584
612247
502226
225815
629041
532759
653678
853903
487960
706821
175937
651501
351485
620035
836322
531539
402052
992642
727204
321476
744201
861072
992197
230518
633097
626928
913306
463891
532111
72750
512454
586695
684997
531032
328863
830390
63792
498893
684294
551752
205714
860231
719605
73552
480266
555927
605091
398670
64921
332296
236499
809123
709720
228696
39641
859169
371976
469300
839413
904087
542050
351867
490783
227047
882900
819646
573789
946692
834891
258083
498444
40606
118314
734401
114158
114932
290329
235601
29955
355250
84249
266454
680725
310321
11502
720367
169491
383478
706019
8904
287566
248069
360771
294701
991468
243671
630699
565257
706715
465590
339693
205159
506196
974359
939561
136706
605644
746242
372308
635599
101492
456557
902053
782218
283231
429907
18937
452722
813385
241308
977978
617303
489377
855101
912004
997197
98773
59055
78806
805488
524646
418499
527000
30842
392859
982913
167549
998503
729155
56209
150454
346999
29118
52507
645569
312349
482414
180858
281423
812151
422166
775753
429455
427895
630855
857811
425092
729628
916867
503899
51468
441513
922398
94820
988707
831609
77733
672608
346464
323240
245169
496918
186592
274288
65777
348513
102989
548191
529372
384413
876695
951538
160166
822502
895786
791021
680313
320878
37001
113532
824777
604822
71397
263528
699642
576457
611489
293728
249065
957954
133320
10587
454872
319912
284875
520650
668426
387864
585193
714150
288629
461888
182040
965148
800742
77826
272521
481056
398705
825875
110940
739834
430697
698690
519714
646691
275147
131204
456771
40564
89158
106444
51151
544030
942708
852378
581032
611134
240243
166226
841636
45224
144466
23677
526724
945209
617855
799246
942617
16560
141473
569909
272747
88522
268599
792461
251565
543746
923665
708337
584311
12823
814781
151814
73206
757489
4193
170590
884976
760788
853168
242964
322364
513987
266641
849089
975548
400849
164687
434517
933761
306160
4426
206508
394682
273026
998970
162599
333124
438987
870936
433787
968163
202069
101954
557721
475911
106147
728311
877239
866935
97832
120203
189299
611819
903197
554740
587367
304046
719427
21884
237807
541939
542662
444316
452973
332040
959638
615573
665165
914977
486509
615304
883140
204931
717258
957213
680842
339757
201877
558081
723044
299709
194636
912344
911528
97833
983436
15247
401879
702864
37131
156039
244803
579793
116707
697777
911834
76345
313350
93351
507674
316211
225007
907167
37494
942266
864380
234688
798375
66257
792769
521420
882318
503758
433764
793846
601591
417200
325445
519823
636416
362576
675862
397572
458722
792569
611701
886908
385266
925051
496611
892940
757614
721618
316459
311461
180236
180840
546149
978612
763449
855271
500032
645768
359029
450148
955966
476972
383700
281412
996795
20117
160340
189009
934041
135414
981578
545742
22322
883196
987145
518933
292489
744759
756904
608948
572572
937140
789788
118722
915752
69590
973993
415784
231710
849374
382284
704028
326346
765985
501792
839494
302454
662133
28503
236495
313899
526434
782237
336222
409630
769382
371507
702119
30493
128411
311068
603066
581904
617208
238140
497656
203150
212133
429793
434860
577859
812077
655241
904205
94414
157033
743699
396868
335518
288555
149715
649418
814989
931952
501992
224619
701334
873499
443091
248180
518263
270511
851246
100167
404071
89386
114175
607222
817871
60320
558434
912082
872398
213675
816287
483164
887061
76339
396385
222579
881246
546100
871997
696235
478053
373989
437206
695739
763841
396649
943919
282104
667160
311517
898623
587584
917255
12798
194806
735126
73119
269592
163560
461869
999620
979848
945033
886681
572539
857770
109260
970137
403871
981258
666372
881924
871599
103578
94015
635440
500228
554287
917544
683740
865804
332519
271324
783060
345318
982482
34538
934789
768427
198099
396658
768047
694299
858043
654728
783190
715814
280340
753327
119685
777950
936051
517961
649550
39629
611976
801342
56209
682615
235239
256302
548420
567758
43978
847832
429428
26461
882370
364217
794888
596821
760875
562935
807472
135271
734015
590662
851085
530707
860341
487122
308658
796392
521435
474560
352374
649763
792254
924935
332379
27493
181237
880799
595252
225216
728631
24680
768029
127353
388898
562917
240527
666125
642204
47999
801396
892571
155014
168833
939630
15355
172307
764640
328100
693742
239200
680474
343506
31455
121761
675885
575300
819351
73036
686904
560919
318019
711585
328948
961724
616835
408217
202251
799312
566773
766603
117061
459344
921617
285894
915326
453324
974554
679967
297776
668296
919167
494602
528154
466974
616364
204039
558627
435715
793427
245531
996634
111446
957116
841934
73171
90303
250151
791774
889616
816924
558377
6677
792620
996346
808923
707946
966023
783477
387913
263799
968126
823433
274754
496280
806759
891118
216672
365386
843185
10099
127270
356171
637898
84386
714457
227421
691042
480960
535547
97010
297884
93925
620039
606856
606623
945314
831154
88998
245144
735420
869150
213270
75205
143904
225902
398316
551374
442574
763703
394559
969026
890973
267082
123276
491711
497891
867049
699105
978851
402596
796115
793087
12873
416154
399943
619497
877821
747449
708495
122965
999221
577645
336235
74426
237901
78489
472743
789275
37416
752798
700186
6442
160123
483620
646070
168186
981511
513119
867292
960362
915715
179759
753449
444941
595914
669744
64438
990087
417194
289285
113052
416415
383283
449287
7194
621184
44128
479937
410460
81544
232735
626998
604338
909210
110619
250408
77396
92130
279879
944688
52493
711947
124448
805942
156888
236714
475687
737678
226801
409233
26963
339853
342000
926598
305492
349194
547783
349620
829131
474595
431165
578218
617945
35503
487428
728564
802264
564825
820695
82143
25865
389540
310442
150313
711834
467330
903379
703873
205008
646532
113106
748324
502737
455107
674922
808229
804301
739057
674202
149785
730004
621719
728003
347950
173574
731784
76514
492190
296609
413561
90686
838826
319453
401128
505492
31288
868459
408871
251513
589819
55404
880972
338143
558141
336079
529418
882723
656732
268475
73277
322869
514832
211348
50873
862782
384922
299009
455648
877113
111970
385562
484151
950796
705015
885279
456288
252655
753738
865160
504169
859910
436916
385141
198053
511409
237572
243823
910484
410656
512299
500113
733526
27131
711461
300751
406265
612736
599760
861913
489849
711730
247475
974000
662526
468843
375631
118815
237850
645722
500327
742019
505632
453595
643512
220037
481356
397436
463861
391841
808093
492512
408306
57971
35995
119768
358722
442260
732504
474834
820525
738705
186564
584353
229057
365442
53196
604688
609
291046
250410
500936
549418
756042
470883
709282
976080
952240
623071
956293
860433
947516
448805
268739
5487
484800
904859
880561
443412
637363
355395
780289
376068
58311
364642
605125
423753
417838
726166
424363
225237
976576
441651
291007
248971
912535
289
741403
381127
623360
697696
757912
570876
662853
543003
92715
664005
447863
973276
107417
85226
328671
404058
977647
386982
768701
99124
327088
702891
825290
751451
928128
318219
193102
219135
83542
621989
735777
824945
3116
875489
38993
277380
962718
701846
820384
55433
365851
268247
28710
989620
869825
873733
393678
847472
777068
162379
946597
620508
381623
288239
371959
309751
122810
81413
45239
206352
703403
297368
31297
222871
172857
70290
500252
135575
288488
320636
707361
654339
588883
252423
160311
458708
126156
553990
822533
419576
232721
285482
556436
614344
573721
928395
440448
212884
526161
2039
419236
229564
299407
966886
968787
988616
37176
469039
124192
842017
306027
831553
496356
411262
600328
173020
386323
726484
243362
208856
662413
476083
10690
218849
606780
584411
663597
563580
313647
189758
565619
732884
935674
381378
699770
904461
369994
253298
889853
10538
95315
712232
842091
108024
123495
442419
281044
509818
685256
524406
235026
864021
516841
245716
599222
123621
346479
779171
203553
660127
968929
285524
393011
420955
666902
609133
841769
36897
862431
731622
47435
474099
443854
405879
582123
83701
364650
863167
593519
566258
387573
344897
946631
904414
106965
545854
544388
453445
325025
264293
629924
810307
549818
539287
747614
216720
148420
589383
253617
527203
321005
817405
1302
281212
223284
583425
364913
104286
962944
474785
670545
350517
336034
617176
771284
443000
679382
832024
896445
520760
96317
42721
331067
646135
582008
595033
379208
730428
184417
149177
773983
21774
966582
775286
302986
706218
875063
184252
810505
838008
175389
481050
704877
511423
614578
476161
470775
293961
824537
883572
814721
920855
926293
662140
83342
508301
257173
462550
755081
441590
611728
529065
463365
94662
820703
282703
800881
695766
983307
611386
50126
675048
608788
755004
702824
223366
747517
173599
517327
572055
573524
332048
492910
499817
994188
92604
524471
251362
555155
279552
209304
683235
324969
189021
777897
662024
988077
578778
874143
487736
190164
924269
162785
315304
679273
381961
538671
426791
555560
55998
998846
129084
904399
8108
145254
898587
100712
669725
666301
172219
465629
391958
855454
306951
580979
633352
968975
85408
212130
843118
573145
918647
767388
252282
233951
963013
634243
288974
906156
706155
344973
421354
351592
249372
429462
496846
664311
46527
682923
846965
218746
148552
238923
74201
971855
336254
223905
940831
421663
952387
300301
511160
387386
584041
763442
621338
547055
914037
426664
969563
620192
771637
390918
971784
537361
820380
984982
201673
383259
667905
48638
602006
332810
803913
192559
304665
140167
416464
761848
78182
885203
62150
589342
272590
162543
869136
893928
709598
783173
320592
679162
403366
608582
586432
375150
145943
406812
876485
863968
306424
544390
428958
908430
877200
232871
617341
698218
889391
33805
460066
967573
919008
38568
73268
707950
201112
942404
601878
427062
725578
438823
622576
128944
563757
209008
20446
226052
132173
896931
606373
438597
957674
35331
863379
351226
784555
480720
49444
673946
30877
25863
157871
466237
64431
231139
174188
781895
173544
292418
208958
415474
247593
831534
544418
811350
556895
81216
553755
689068
494500
160128
644017
452174
711811
507396
803400
12718
988116
369197
203016
535345
395060
360888
1582
975843
108379
175770
757739
281923
468189
966697
213749
715782
314583
274519
43485
387830
355736
113592
593250
366588
273720
237267
335114
501883
261015
654866
514602
765483
24063
717618
300828
935475
78506
302411
911319
186886
478181
669058
985161
462722
152107
715263
694857
983042
989782
254694
370873
861870
368286
480475
228458
642006
717743
79924
660241
978758
734791
174843
260594
275206
892462
561422
210682
970968
863833
638353
674206
858367
307411
175720
837441
975870
890983
532298
958912
880765
303344
846137
258988
671630
326613
487446
829988
560708
567371
490230
55818
818514
665073
316412
93720
557535
877835
820754
44856
258020
459107
235414
116387
282870
927486
953829
258740
334821
2479
734005
731939
822176
96494
990927
493806
423107
994725
840147
500167
562096
330377
555986
896962
511802
872398
990683
585690
266585
811437
146898
524606
270545
898664
640993
69767
826151
111174
328508
677324
630006
578865
409263
452182
675359
916542
462340
614819
911268
818839
114986
989716
665568
187324
886679
177371
59723
877362
279413
842660
205151
942663
367266
992048
841327
8260
61816
183830
635786
390324
861155
782144
485541
786770
750678
160900
703313
729371
292071
614581
548210
923410
604297
213779
110734
7328
907502
686809
884690
186915
529470
89842
645930
896736
81890
487257
421348
660058
671088
573487
566734
48595
355631
52275
351717
106310
729528
55030
352033
21599
185963
900243
945009
306613
630374
572096
313941
537876
258905
714984
241143
788375
321178
887073
685112
919420
890683
622812
579479
78123
196299
146213
126718
551931
198489
994787
174593
928017
49818
526626
465968
752133
943221
927330
58746
573596
499426
889040
627824
758331
604024
385320
546707
925202
788745
748171
844622
679428
370983
940453
273903
567283
86667
916973
635566
285156
911761
810159
729525
477931
853137
711845
230064
312710
639175
805163
402658
138601
694203
546835
413285
814579
932155
959992
739781
237252
224515
100755
433033
595498
41209
706936
679133
127876
623910
314699
929384
535671
641210
175261
13602
494347
887106
243666
323410
526282
565181
726068
181235
259384
272903
594520
73963
721410
554512
330096
958663
295379
947204
391696
890878
988413
614984
570011
632641
238894
401063
78377
290917
42273
253638
304519
536621
140744
64538
376383
183378
629719
102451
364614
405456
375355
959134
995771
613117
29999
325868
571780
325378
273072
479828
732608
777837
94813
818972
926830
850059
220035
5207
140977
262308
258845
445496
315281
915941
26386
691664
99320
656106
310468
980286
577914
685823
455772
573685
298940
485771
415905
387073
327502
688977
383253
576462
983166
478066
395434
909996
844478
131821
915203
985455
910482
690400
947303
742115
122694
973690
433780
222014
146148
744248
718652
724062
946423
174424
814099
761715
660196
230005
665140
504050
435334
48394
596864
418501
42812
992299
844849
887290
640472
276405
872745
550954
966805
336401
293070
89499
826443
243202
827865
972591
503802
546517
213005
966577
720942
27104
244644
897490
773461
909785
917892
208796
474531
514756
627297
517343
23407
988498
404634
663880
264903
793731
731186
231709
646484
540608
837560
472927
783810
181778
445518
803964
728295
174875
770541
965589
718332
531538
863079
491793
441323
297323
700589
915854
812080
844238
433197
835487
832737
354183
15719
613992
664267
263258
362053
310751
803866
199614
783679
104029
381392
745549
424345
626039
920425
711239
591629
155109
242777
971060
646902
684100
268384
863844
116306
80464
224434
65855
432303
573523
420039
964375
187516
600658
743985
549569
427761
64203
265535
211440
168232
163279
473342
108930
789319
910119
820169
380948
65228
62946
868360
228482
263398
136744
608678
379704
733560
833113
445559
682216
922988
381950
646591
626856
498960
906928
176426
926722
971131
958313
138162
655716
121593
127856
764646
910912
37975
584815
808212
103203
164113
676572
848038
427511
329669
456716
323567
63229
806181
285478
745445
729170
667429
908388
356026
166389
815316
48804
93111
302800
7118
747626
958516
645063
875482
723162
72327
913458
824329
396891
533013
988442
73463
381051
932305
919484
354120
255872
982714
160301
541350
244511
405823
725131
669252
761850
891521
920
327006
500984
303720
334124
248610
262236
495539
640445
985398
567866
70255
809727
964757
603268
314521
554573
500672
246826
474057
854792
502698
973123
531445
560401
217635
937269
285532
403239
215471
693405
404159
542477
194390
224232
876602
959352
486468
372141
116149
988219
456360
186404
314298
421117
789673
628820
975690
806697
391998
966100
177841
411049
939223
709286
971450
673210
162907
773334
592801
378378
466740
996961
920856
177482
221193
313810
136834
224013
202303
252984
212232
658663
439388
42883
596133
745413
188055
88175
68462
580053
54275
246303
991102
509851
471942
478904
699413
634849
252239
292215
13228
718979
805528
450436
896461
26721
280598
549647
767086
482901
802631
495671
657917
758372
538554
254050
20137
726609
858577
88600
306662
429205
334903
814117
939056
323197
293021
154821
958047
61612
447036
487627
780591
252564
938063
193404
795637
735013
743052
79076
217914
62035
574747
392183
336759
113301
162585
356897
356262
21163
961849
179276
450368
813104
993393
905776
136302
802767
60597
94349
864379
23986
98328
161323
792902
552743
354727
104892
287756
97779
183968
22022
676167
758715
414206
12926
388368
576791
886175
744630
597954
848024
923906
564674
177481
433652
470450
313783
236419
47400
924484
617150
71386
22812
778473
380640
91907
133201
485532
379663
747332
669500
401685
939851
944567
332243
469130
849287
909035
355305
593917
23341
719682
34176
588016
897163
467828
574818
727298
220599
138570
651782
837749
726308
190946
132575
106949
282853
265776
592481
662516
529460
778334
580553
985664
239253
912797
454794
88541
821832
810099
198810
361525
529781
232986
949541
943296
217166
40712
670594
437765
179282
322376
791867
905591
29674
924442
528892
312527
706570
637725
491395
752382
416059
71949
738046
171665
501098
192840
776558
839282
519292
975368
200807
565425
724707
666701
508722
458225
707413
695668
412343
403047
534397
204210
824990
564071
645004
353882
876599
351574
991608
884346
620308
924019
956295
358355
95684
973745
67547
388594
813027
586839
363963
530187
152265
605022
196888
177339
63247
420653
873007
991942
340052
407404
196152
165043
971476
357508
518925
364427
225434
26885
248773
845743
950905
721421
720450
562941
695166
787997
951536
24546
891189
831851
554733
43454
953225
267973
220793
532824
688626
93800
524767
28678
17557
720919
710073
989033
594780
745351
353460
820214
772236
602233
665957
239493
840006
386407
802435
535173
690757
270323
559719
581946
618526
630804
141752
571751
898777
878897
104575
587403
972697
629342
132433
506606
866614
842507
495639
461394
104210
365451
797960
876446
484037
463918
115940
324043
366677
434727
375568
573786
221402
935287
155732
839928
82443
813836
928031
981220
692733
548958
84975
181783
694653
217409
688389
561267
576268
184029
539013
680478
65832
336973
73276
549869
317243
705568
390265
200273
140295
765833
774059
878049
217473
446144
717977
299916
259980
162360
281137
952714
711319
366112
134497
405972
99873
822886
483591
192493
523267
22604
389323
589100
875929
462600
655321
193173
168168
45586
393446
824816
327772
683857
702865
545245
130001
937195
845161
389982
99555
642650
342696
327226
525115
477193
249550
624988
816431
733141
333834
339699
272097
723157
445151
148027
185757
100472
857552
870278
662411
767350
695094
990183
451207
397959
535428
581209
851506
896941
971191
467414
55944
830239
794640
581059
823784
44191
722399
640215
777332
56233
979914
565782
295743
425065
713809
481500
41890
87713
868130
704301
855063
563224
694484
306270
477536
746264
403831
329042
159557
891374
796456
215501
721613
107449
312912
545397
667992
35312
185613
445324
607897
681879
527458
903640
106945
241267
901493
148835
845332
769623
369488
700395
849200
63972
523018
326736
326588
926849
172130
486145
334576
484939
701647
56189
592388
530911
117939
776732
566223
303552
738408
690473
985431
265867
110465
608728
23486
528310
273915
868819
814286
643403
85566
663486
223727
608584
506574
550315
51786
195056
36461
386362
679995
254460
958903
788735
785371
76842
565467
867947
896746
303876
74772
398530
569743
185237
7258
593229
713548
797526
978400
44186
440929
63967
707672
181009
188903
214246
731324
757041
409302
284137
143403
605650
54949
618659
910737
356673
211853
476205
224620
108600
296433
815744
507130
866176
981
30740
975757
230881
344618
470510
275067
785548
534477
499091
966557
239732
229689
214233
996774
155344
498371
656529
760994
69672
275188
671731
426345
3394
664288
167317
111994
960721
983061
135476
343249
500395
682568
835359
731276
27187
305869
522696
329087
356698
21787
811996
596430
767829
542581
109556
923173
40952
766086
200519
626977
557626
872250
53322
561020
52891
220640
189366
13612
720053
324842
356862
220448
523763
708573
468077
550950
14442
990773
396389
887492
528912
208385
483922
296741
750966
109831
219914
308271
875917
420433
451600
949895
809036
504922
510916
861927
241914
216634
391891
961968
57829
265105
698768
581592
973678
166845
648894
988120
673970
45283
391964
202883
770020
875887
15976
37338
502070
752243
861961
377987
689028
313561
844234
498064
818484
871502
876343
576750
88137
784587
55070
145966
49692
753839
727558
23371
437036
376452
527843
111007
938087
919808
313890
708107
312047
846218
745445
814117
598461
607407
708456
287490
437320
552690
301906
772156
424193
694602
348907
512330
479189
920329
658296
528881
674168
902206
68604
627557
795010
112800
738564
733097
32608
568806
441204
861007
415024
703001
675124
529838
310408
899932
817328
264081
452622
635586
36237
876815
330188
385144
905497
809377
305474
80145
854611
495994
498703
923215
123551
293713
36015
378467
26810
584975
947273
468014
445982
878650
171016
637458
408488
997776
537390
225816
261857
506365
861402
298095
899532
707943
199591
321382
517320
21417
401527
888283
33764
900231
327851
673667
193944
880218
52135
220755
465194
515760
205121
427528
394410
892489
581339
319250
406618
635081
545066
668475
141446
922821
482922
557331
630764
198866
878713
664436
736635
280240
69072
770399
696823
396923
960419
407120
277141
528906
144227
258687
44666
349348
686216
955429
241838
783907
274679
648456
418988
336098
833283
76787
775271
832558
634118
922387
547776
29183
103175
284411
825775
172247
571163
522599
569170
531582
929719
846312
60488
73946
621351
621506
939646
307567
93287
697836
607826
884319
862644
543167
220417
695928
619954
512040
44838
770424
434427
592614
799607
537602
877025
141734
226202
964540
664333
795372
496122
110404
158036
72962
700702
779388
210821
640349
603307
820460
338185
211134
704779
200830
270653
441548
413110
890607
953588
974300
177383
904367
83266
493342
958322
476643
635076
184524
441184
815762
496248
453658
926166
654285
42973
626869
950025
253794
783570
553332
74254
121755
280818
295386
838937
551471
736934
768399
958430
690523
259051
652165
594890
342317
661859
69564
818961
296936
254088
260145
629050
750337
713803
555216
920974
756776
698437
870999
526922
482007
940683
117529
120115
737854
412915
959052
805677
149849
243804
280460
356724
502855
932625
467967
845173
110837
537531
180486
924125
307972
440631
553175
574661
670786
108391
495635
943915
323181
882986
987189
805188
340021
104718
925303
77875
33985
400708
399905
700187
160864
680365
56911
180071
129342
41230
25244
240179
95114
722082
164304
403086
679065
717479
977747
349852
342223
989734
810119
665404
872720
797308
986944
212741
418379
428600
806969
452364
345660
723226
152551
506524
403591
725815
686595
532933
767045
228192
289465
378511
950274
453769
781597
629340
687601
275696
495544
29824
265430
305663
211580
654502
619323
714876
383596
37702
659828
706917
6419
5488
430143
158970
28364
350086
401137
714960
399371
684535
459504
688836
63046
926130
142606
360996
71822
346559
636692
567366
892735
418475
389381
620667
589329
525057
335543
972925
562759
995372
196194
569178
517212
626337
244501
545577
976423
645638
776889
375795
846525
752745
580983
909572
678875
239941
786920
750698
586500
939964
834416
479235
358439
740150
99902
464121
265207
951798
953398
344318
463522
149593
913497
980734
292282
674350
526311
268706
836340
819552
160853
682866
572297
258188
108790
767525
498130
895710
518223
84630
835674
868991
80218
710466
125493
696472
174587
390700
648270
127985
735019
111792
277578
164868
608879
86213
355570
651542
871271
191910
471095
548476
391128
43392
806664
499918
810917
304794
911980
845492
905777
264007
230836
502347
974473
356329
198819
665412
747030
363442
793397
998401
475234
587328
679621
600465
673541
35191
252008
61164
227101
723103
609640
134582
282847
416304
150852
610117
721099
62833
971961
143228
326840
202797
645575
817665
75479
360746
483077
822509
724188
792826
337262
715775
896506
16883
316240
86399
52074
568248
147563
795527
807703
757203
930109
90551
689860
597314
217020
927311
660147
188981
70539
503339
908131
232466
321004
983610
593212
320433
322471
833753
629611
659733
65880
42470
192968
382120
128869
761394
466721
792785
556921
790776
66340
3383
397679
756200
600697
614699
683511
777196
320033
754050
796887
228164
502868
634243
211774
612433
954676
534245
446186
100639
710330
512066
143109
903298
410538
788331
664692
393611
581116
