100
92086
703887
912155
477444
687223
952066
157005
377844
789831
6171
950063
390087
437153
674340
743361
798359
868561
514492
724739
773744
419696
141897
876545
175457
69329
194765
983271
285399
401424
348627
23135
493510
52514
451642
487307
739737
920060
644312
633934
709891
166835
583997
616330
603989
774689
359691
402348
643250
390536
643440
416994
326584
785337
809892
502041
371019
521009
1664
656418
922433
350291
195905
932296
402805
647547
935955
658895
83960
580267
809181
310203
747103
909530
926534
867444
684219
802577
786144
843821
193113
429584
777167
519697
731274
587059
538090
102293
108068
539754
758711
546854
890045
954616
479150
809203
118515
415105
468098
202475
511724
