1000
219473
828432
679588
69561
656786
336222
278044
850078
304521
68446
300647
826330
72382
320594
491733
156035
793889
58479
106934
879428
94003
867505
949169
659668
959855
932344
162903
836996
472659
172984
429074
692133
517768
625015
278046
690907
961237
72442
540985
265759
140888
357984
92089
213270
194931
100174
369305
988820
675006
992591
384600
769009
376448
333769
945029
336304
782465
624284
689652
771477
797268
118726
979962
831389
743741
258008
522296
221331
846802
63281
3442
987690
937618
95531
717312
132549
712057
602970
637721
387063
111913
538674
672424
488362
872443
133805
824666
171261
274441
30670
942738
588062
665748
922700
419451
409490
697060
941747
147173
60214
521380
150615
564256
458998
762498
281568
591547
474555
400890
745621
377971
512804
284295
50395
1166
673090
700553
342184
360703
974994
372854
303441
563056
554954
742493
982507
964444
955905
440606
627969
16119
961987
778584
580375
937337
541082
378296
45237
531990
295538
790858
909961
808342
591505
476708
325860
264595
177261
184396
625299
668608
73602
445092
748016
628557
703938
730524
109353
176195
687482
737323
192315
649469
515907
289042
586807
573342
183690
148396
105332
479229
939254
15293
803923
530759
8353
646136
311706
701967
830532
453357
370575
904135
898450
634943
532692
118740
881819
642045
294935
569302
895720
3602
218771
411628
292645
321930
501322
992687
470326
606654
988268
925932
138299
792192
973043
663004
954680
284750
364971
785212
738107
251898
689347
152909
886842
738391
271649
768661
896789
566585
337963
792509
570187
73087
720489
379184
911369
221811
371872
898048
344817
360140
823980
483116
668684
313376
146121
623364
598126
27444
924929
852585
279343
130628
5495
682537
385372
277144
451198
282161
360081
305514
591022
930269
894953
827864
309453
322674
566027
197677
220722
910845
74170
561055
910313
259206
874431
572786
398923
988909
116583
323852
841494
395926
454480
846989
594815
839852
640486
562365
638365
567
384231
745740
447188
279184
573604
272994
601859
139631
470671
338933
566828
61193
899988
477142
320400
290771
566280
719323
279680
682863
559527
637527
595141
530359
484516
189956
886564
641354
268674
41281
641922
652905
787021
89110
448442
876977
878456
50301
16609
349128
905586
99789
926673
321927
93283
247073
612698
659564
482748
408731
858779
558627
46258
453921
88987
47126
160229
491903
688481
428903
533184
846755
598161
836558
452217
46603
713535
330674
613256
730144
679802
518842
829934
606475
840769
923217
369901
969820
99133
369001
378551
957913
927629
424809
928186
532968
988287
88415
24871
676768
33671
74407
523523
631832
910965
975741
678435
624501
306415
808043
870997
502569
326885
217283
625396
167655
656853
511649
653827
755986
880651
32378
230251
324632
973539
158437
857600
961826
763205
398823
638595
796876
473230
678470
945060
900548
654211
139847
41401
476978
947890
912398
979547
791127
646034
121296
475134
302887
632945
128961
575225
513596
161339
321829
838228
651230
480266
212180
613057
759823
611003
768004
73051
600586
446474
18111
17486
617038
157958
58887
94016
622200
971285
589916
413328
133671
227564
888462
436558
860509
17424
528136
890458
695115
849965
245038
346346
846583
973571
475755
606407
584574
760111
679458
701512
722937
697570
718998
856327
371880
777885
466696
510433
265523
56612
923761
399194
800528
328575
352105
661037
862351
880241
67847
557467
730206
312886
420165
93141
286457
412272
699548
387383
172383
379007
605248
411672
592929
324246
268000
481161
618484
734696
991594
400359
307660
431707
315905
108188
276635
668010
285577
138986
64603
353425
696453
311161
182663
632970
404303
985472
45242
103851
372855
733977
999210
978103
145650
108491
818702
930002
106005
953538
664698
613951
353897
488710
45659
669802
596898
322294
854165
882475
461280
918768
752252
674086
746282
934915
307056
150585
920387
868651
770788
809595
602628
286351
304050
264630
394842
122752
194632
500847
592642
375682
114799
946539
864392
676810
132694
977642
515456
503211
376470
493088
938331
128722
167174
684613
579990
990583
351550
16729
375586
122339
826324
494566
408690
130375
759197
319884
769479
470181
820732
878474
845864
451883
341365
226608
128693
990411
204251
160501
493622
97073
653589
431954
225795
337116
632919
322137
327699
984470
338867
219637
623161
165191
714203
31851
811918
989752
351735
97750
459934
688819
976224
822150
657054
833941
565110
785747
824353
769361
946248
317975
382786
116190
266281
124934
453306
415553
447071
781005
400023
785938
516994
539536
467482
231197
571387
795752
220950
439474
409854
680884
644646
902430
19386
301700
736372
584496
603800
560725
870210
66400
878700
252996
182590
661334
377930
635896
76887
341354
933253
993262
643644
450247
532798
111126
681445
620537
423231
418747
60011
349437
615983
221009
251868
635369
522710
988240
219865
642862
65317
90075
709262
460369
859424
408205
121703
237354
44101
198590
578708
493707
708204
222353
943954
241002
849831
141751
861539
789414
76850
437903
138852
692833
658912
907072
328202
697974
411664
548068
340836
476981
154495
50099
937350
13919
458304
575406
767626
18757
290348
862686
512464
998553
601391
972771
239555
967575
630874
617447
756989
707725
55350
412193
400558
714262
319265
245113
412237
247281
309533
269425
724262
464028
319524
177965
994300
294180
269723
761926
829290
560071
624612
341754
74976
226004
830877
830884
709931
978104
448331
466920
685829
20033
395466
602739
250647
231083
847852
662884
478365
157385
932310
718979
137766
768186
413296
132066
578719
683019
893992
408009
759443
34956
266115
350771
777312
96993
181655
487243
75097
146338
954164
277278
682723
865982
396369
933371
97065
244222
596255
91782
917959
44917
810762
55725
329456
224058
187791
908175
423430
598135
316184
699225
633092
98651
49996
410404
711996
748004
897648
303445
410694
368164
580723
93418
750498
977093
26789
847563
737667
139396
939346
655626
700666
266460
711352
30122
6870
415495
454649
430300
13631
287185
645877
646723
385836
695874
573479
97833
960230
471127
917630
887276
355643
498354
980694
106141
991799
523835
470057
245818
179584
925755
417796
880250
192215
129148
426724
199085
544644
881373
145738
74627
684910
791615
721350
70746
3841
294829
684931
480423
282309
602562
367700
154304
617268
864746
260446
125419
388582
246855
887589
568166
172610
305385
964768
364825
950886
907844
80262
11882
305569
226000
86509
990479
533968
807859
577577
54161
619040
778861
534585
417701
897775
418637
572006
31395
283383
348804
156814
671965
595659
560755
756483
284621
866140
237603
649446
817026
145447
246060
828908
451016
988413
915417
441495
522381
239628
535425
92894
858669
314286
627479
276370
212061
46116
364728
243456
845852
713532
916622
34169
309191
477377
790653
110164
343517
28256
759610
676896
690056
522023
505804
141072
510436
937574
98920
549169
177202
634345
642063
552223
948631
785895
344946
677044
348363
709674
920500
194215
423207
353474
228385
